12 16	13 14	4 15	5 6	7 11	8 9	1 10	3 2	
0
10369.0

12 16	13 14	4 15	5 6	7 11	8 9	1 10	3 2	
0
10369.0


Distributive	Graph1.txt	no. of cores= 16	no. of cuts 1
12 16	13 14	4 15	5 6	7 11	8 9	1 10	3 2	
0
10369.0



***** best cost=10369.0
best =012 16	13 14	4 15	5 6	7 11	8 9	1 10	3 2	
0
10369.0


Distributive	Graph1.txt	no. of cores= 16	no. of cuts 1
12 16	13 14	4 15	5 6	7 11	8 9	1 10	3 2	
0
10369.0



***** best cost=10369.0
best =012 16	13 14	4 15	5 6	7 11	8 9	1 10	3 2	
0
10369.0


Distributive	Graph1.txt	no. of cores= 16	no. of cuts 1
12 16	13 14	4 15	5 6	7 11	8 9	1 10	3 2	
0
10369.0



***** best cost=10369.0
best =012 16	13 14	4 15	5 6	7 11	8 9	1 10	3 2	
0
10369.0


Distributive	Graph1.txt	no. of cores= 16	no. of cuts 1
12 16	13 14	4 15	5 6	7 11	8 9	1 10	3 2	
0
10369.0



***** best cost=10369.0
best =012 16	13 14	4 15	5 6	7 11	8 9	1 10	3 2	
0
10369.0


Distributive	Graph1.txt	no. of cores= 16	no. of cuts 1
12 16	13 14	4 15	5 6	7 11	8 9	1 10	3 2	
0
10369.0



***** best cost=10369.0
best =012 16	13 14	4 15	5 6	7 11	8 9	1 10	3 2	
0
10369.0


Distributive	Graph1.txt	no. of cores= 16	no. of cuts 1
12 16	13 14	4 15	5 6	7 11	8 9	1 10	3 2	
0
10369.0



***** best cost=10369.0
best =012 16	13 14	4 15	5 6	7 11	8 9	1 10	3 2	
0
10369.0


Distributive	Graph1.txt	no. of cores= 16	no. of cuts 1
12 16	13 14	4 15	5 6	7 11	8 9	1 10	3 2	
0
10369.0



***** best cost=10369.0
best =012 16	13 14	4 15	5 6	7 11	8 9	1 10	3 2	
0
10369.0


Distributive	Graph1.txt	no. of cores= 16	no. of cuts 1
12 16	13 14	4 15	5 6	7 11	8 9	1 10	3 2	
0
10369.0



***** best cost=10369.0
best =012 16	13 14	4 15	5 6	7 11	8 9	1 10	3 2	
0
10369.0


Distributive	Graph1.txt	no. of cores= 16	no. of cuts 1
12 16	13 14	4 15	5 6	7 11	8 9	1 10	3 2	
0
10369.0



***** best cost=10369.0
best =012 16	13 14	4 15	5 6	7 11	8 9	1 10	3 2	
0
10369.0


Distributive	Graph1.txt	no. of cores= 16	no. of cuts 1
12 16	13 14	4 15	5 6	7 11	8 9	1 10	3 2	
0
10369.0



***** best cost=10369.0
best =012 16	13 14	4 15	5 6	7 11	8 9	1 10	3 2	
0
10369.0


Distributive	Graph1.txt	no. of cores= 16	no. of cuts 1
12 16	13 14	4 15	5 6	7 11	8 9	1 10	3 2	
0
10369.0



***** best cost=10369.0
best =012 16	13 14	4 15	5 6	7 11	8 9	1 10	3 2	
0
10369.0


Distributive	Graph1.txt	no. of cores= 16	no. of cuts 1
12 16	13 14	4 15	5 6	7 11	8 9	1 10	3 2	
0
10369.0



***** best cost=10369.0
best =012 16	13 14	4 15	5 6	7 11	8 9	1 10	3 2	
0
10369.0


Distributive	Graph1.txt	no. of cores= 16	no. of cuts 1
12 16	13 14	4 15	5 6	7 11	8 9	1 10	3 2	
0
10369.0



***** best cost=10369.0
best =012 16	13 14	4 15	5 6	7 11	8 9	1 10	3 2	
0
10369.0


Distributive	Graph1.txt	no. of cores= 16	no. of cuts 1
12 16	13 14	4 15	5 6	7 11	8 9	1 10	3 2	
0
10369.0



***** best cost=10369.0
best =012 16	13 14	4 15	5 6	7 11	8 9	1 10	3 2	
0
10369.0


Distributive	Graph1.txt	no. of cores= 16	no. of cuts 1
12 16	13 14	4 15	5 6	7 11	8 9	1 10	3 2	
0
10369.0



***** best cost=10369.0
best =012 16	13 14	4 15	5 6	7 11	8 9	1 10	3 2	
0
10369.0


Distributive	Graph1.txt	no. of cores= 16	no. of cuts 1
12 16	13 14	4 15	5 6	7 11	8 9	1 10	3 2	
0
10369.0



***** best cost=10369.0
best =012 16	13 14	4 15	5 6	7 11	8 9	1 10	3 2	
0
10369.0


Distributive	Graph1.txt	no. of cores= 16	no. of cuts 1
12 16	13 14	4 15	5 6	7 11	8 9	1 10	3 2	
0
10369.0



***** best cost=10369.0
best =012 16	13 14	4 15	5 6	7 11	8 9	1 10	3 2	
0
10369.0


Distributive	Graph1.txt	no. of cores= 16	no. of cuts 1
12 16	13 14	4 15	5 6	7 11	8 9	1 10	3 2	
0
10369.0



***** best cost=10369.0
best =012 16	13 14	4 15	5 6	7 11	8 9	1 10	3 2	
0
10369.0


Distributive	Graph1.txt	no. of cores= 16	no. of cuts 1
12 16	13 14	4 15	5 6	7 11	8 9	1 10	3 2	
0
10369.0



***** best cost=10369.0
best =012 16	13 14	4 15	5 6	7 11	8 9	1 10	3 2	
0
10369.0


Distributive	Graph1.txt	no. of cores= 16	no. of cuts 1
12 16	13 14	4 15	5 6	7 11	8 9	1 10	3 2	
0
10369.0



***** best cost=10369.0
best =012 16	13 14	4 15	5 6	7 11	8 9	1 10	3 2	
0
10369.0


Distributive	Graph1.txt	no. of cores= 16	no. of cuts 1
12 16	13 14	4 15	5 6	7 11	8 9	1 10	3 2	
0
10369.0



***** best cost=10369.0
best =012 16	13 14	4 15	5 6	7 11	8 9	1 10	3 2	
0
10369.0


Distributive	Graph1.txt	no. of cores= 16	no. of cuts 1
12 16	13 14	4 15	5 6	7 11	8 9	1 10	3 2	
0
10369.0



***** best cost=10369.0
best =012 16	13 14	4 15	5 6	7 11	8 9	1 10	3 2	
0
10369.0


Distributive	Graph1.txt	no. of cores= 16	no. of cuts 1
12 16	13 14	4 15	5 6	7 11	8 9	1 10	3 2	
0
10369.0



***** best cost=10369.0
best =012 16	13 14	4 15	5 6	7 11	8 9	1 10	3 2	
0
10369.0


Distributive	Graph1.txt	no. of cores= 16	no. of cuts 1
12 16	13 14	4 15	5 6	7 11	8 9	1 10	3 2	
0
10369.0



***** best cost=10369.0
best =012 16	13 14	4 15	5 6	7 11	8 9	1 10	3 2	
0
10369.0


Distributive	Graph1.txt	no. of cores= 16	no. of cuts 1
12 16	13 14	4 15	5 6	7 11	8 9	1 10	3 2	
0
10369.0



***** best cost=10369.0
best =012 16	13 14	4 15	5 6	7 11	8 9	1 10	3 2	
0
10369.0


Distributive	Graph1.txt	no. of cores= 16	no. of cuts 1
12 16	13 14	4 15	5 6	7 11	8 9	1 10	3 2	
0
10369.0



***** best cost=10369.0
best =012 16	13 14	4 15	5 6	7 11	8 9	1 10	3 2	
0
10369.0


Distributive	Graph1.txt	no. of cores= 16	no. of cuts 1
12 16	13 14	4 15	5 6	7 11	8 9	1 10	3 2	
0
10369.0



***** best cost=10369.0
best =012 16	13 14	4 15	5 6	7 11	8 9	1 10	3 2	
0
10369.0


Distributive	Graph1.txt	no. of cores= 16	no. of cuts 1
12 16	13 14	4 15	5 6	7 11	8 9	1 10	3 2	
0
10369.0



***** best cost=10369.0
best =012 16	13 14	4 15	5 6	7 11	8 9	1 10	3 2	
0
10369.0


Distributive	Graph1.txt	no. of cores= 16	no. of cuts 1
12 16	13 14	4 15	5 6	7 11	8 9	1 10	3 2	
0
10369.0



***** best cost=10369.0
best =012 16	13 14	4 15	5 6	7 11	8 9	1 10	3 2	
0
10369.0

12 16	13 14	4 15	5 6	7 11	8 9	1 10	3 2	
1
10369.0

12 16	13 14	4 15	5 6	7 11	8 9	1 10	3 2	
2
10369.0

12 16	13 14	4 15	5 6	7 11	8 9	1 10	3 2	
3
10369.0

12 16	13 14	4 15	5 6	7 11	8 9	1 10	3 2	
4
10369.0

12 16	13 14	4 15	5 6	7 11	8 9	1 10	3 2	
5
10369.0

12 16	13 14	4 15	5 6	7 11	8 9	1 10	3 2	
6
10369.0

12 16	13 14	4 15	5 6	7 11	8 9	1 10	3 2	
7
10369.0

12 16	13 14	4 15	5 6	7 11	8 9	1 10	3 2	
8
10369.0

12 16	13 14	4 15	5 6	7 11	8 9	1 10	3 2	
9
10369.0

12 16	13 14	4 15	5 6	7 11	8 9	1 10	3 2	
10
10369.0

12 16	13 14	4 15	5 6	7 11	8 9	1 10	3 2	
11
10369.0

12 16	13 14	4 15	5 6	7 11	8 9	1 10	3 2	
12
10369.0

12 16	13 14	4 15	5 6	7 11	8 9	1 10	3 2	
13
10369.0

12 16	13 14	4 15	5 6	7 11	8 9	1 10	3 2	
14
10369.0

12 16	13 14	4 15	5 6	7 11	8 9	1 10	3 2	
15
10369.0

12 16	13 14	4 15	5 6	7 11	8 9	1 10	3 2	
16
10369.0

12 16	13 14	4 15	5 6	7 11	8 9	1 10	3 2	
17
10369.0

12 16	13 14	4 15	5 6	7 11	8 9	1 10	3 2	
18
10369.0

12 16	13 14	4 15	5 6	7 11	8 9	1 10	3 2	
19
10369.0

12 16	13 14	4 15	5 6	7 11	8 9	1 10	3 2	
20
10369.0

12 16	13 14	4 15	5 6	7 11	8 9	1 10	3 2	
21
10369.0

12 16	13 14	4 15	5 6	7 11	8 9	1 10	3 2	
22
10369.0

12 16	13 14	4 15	5 6	7 11	8 9	1 10	3 2	
23
10369.0

12 16	13 14	4 15	5 6	7 11	8 9	1 10	3 2	
24
10369.0

12 16	13 14	4 15	5 6	7 11	8 9	1 10	3 2	
25
10369.0

12 16	13 14	4 15	5 6	7 11	8 9	1 10	3 2	
26
10369.0

12 16	13 14	4 15	5 6	7 11	8 9	1 10	3 2	
27
10369.0

12 16	13 14	4 15	5 6	7 11	8 9	1 10	3 2	
28
10369.0

12 16	13 14	4 15	5 6	7 11	8 9	1 10	3 2	
29
10369.0

12 16	13 14	4 15	5 6	7 11	8 9	1 10	3 2	
30
10369.0

12 16	13 14	4 15	5 6	7 11	8 9	1 10	3 2	
31
10369.0

12 16	13 14	4 15	5 6	7 11	8 9	1 10	3 2	
32
10369.0

12 16	13 14	4 15	5 6	7 11	8 9	1 10	3 2	
33
10369.0

12 16	13 14	4 15	5 6	7 11	8 9	1 10	3 2	
34
10369.0

12 16	13 14	4 15	5 6	7 11	8 9	1 10	3 2	
35
10369.0

12 16	13 14	4 15	5 6	7 11	8 9	1 10	3 2	
36
10369.0

12 16	13 14	4 15	5 6	7 11	8 9	1 10	3 2	
37
10369.0

12 16	13 14	4 15	5 6	7 11	8 9	1 10	3 2	
38
10369.0

12 16	13 14	4 15	5 6	7 11	8 9	1 10	3 2	
39
10369.0

12 16	13 14	4 15	5 6	7 11	8 9	1 10	3 2	
40
10369.0

12 16	13 14	4 15	5 6	7 11	8 9	1 10	3 2	
41
10369.0

12 16	13 14	4 15	5 6	7 11	8 9	1 10	3 2	
42
10369.0

12 16	13 14	4 15	5 6	7 11	8 9	1 10	3 2	
43
10369.0

12 16	13 14	4 15	5 6	7 11	8 9	1 10	3 2	
44
10369.0

12 16	13 14	4 15	5 6	7 11	8 9	1 10	3 2	
45
10369.0

12 16	13 14	4 15	5 6	7 11	8 9	1 10	3 2	
46
10369.0

12 16	13 14	4 15	5 6	7 11	8 9	1 10	3 2	
47
10369.0

12 16	13 14	4 15	5 6	7 11	8 9	1 10	3 2	
48
10369.0

12 16	13 14	4 15	5 6	7 11	8 9	1 10	3 2	
49
10369.0

12 16	13 14	4 15	5 6	7 11	8 9	1 10	3 2	
50
10369.0

12 16	13 14	4 15	5 6	7 11	8 9	1 10	3 2	
51
10369.0

12 16	13 14	4 15	5 6	7 11	8 9	1 10	3 2	
52
10369.0

12 16	13 14	4 15	5 6	7 11	8 9	1 10	3 2	
53
10369.0

12 16	13 14	4 15	5 6	7 11	8 9	1 10	3 2	
54
10369.0

12 16	13 14	4 15	5 6	7 11	8 9	1 10	3 2	
55
10369.0

12 16	13 14	4 15	5 6	7 11	8 9	1 10	3 2	
56
10369.0

12 16	13 14	4 15	5 6	7 11	8 9	1 10	3 2	
57
10369.0

12 16	13 14	4 15	5 6	7 11	8 9	1 10	3 2	
58
10369.0

12 16	13 14	4 15	5 6	7 11	8 9	1 10	3 2	
59
10369.0

12 16	13 14	4 15	5 6	7 11	8 9	1 10	3 2	
60
10369.0

12 16	13 14	4 15	5 6	7 11	8 9	1 10	3 2	
61
10369.0

12 16	13 14	4 15	5 6	7 11	8 9	1 10	3 2	
62
10369.0

12 16	13 14	4 15	5 6	7 11	8 9	1 10	3 2	
63
10369.0

12 16	13 14	4 15	5 6	7 11	8 9	1 10	3 2	
64
10369.0

12 16	13 14	4 15	5 6	7 11	8 9	1 10	3 2	
65
10369.0

12 16	13 14	4 15	5 6	7 11	8 9	1 10	3 2	
66
10369.0

12 16	13 14	4 15	5 6	7 11	8 9	1 10	3 2	
67
10369.0

12 16	13 14	4 15	5 6	7 11	8 9	1 10	3 2	
68
10369.0

12 16	13 14	4 15	5 6	7 11	8 9	1 10	3 2	
69
10369.0

12 16	13 14	4 15	5 6	7 11	8 9	1 10	3 2	
70
10369.0

12 16	13 14	4 15	5 6	7 11	8 9	1 10	3 2	
71
10369.0

12 16	13 14	4 15	5 6	7 11	8 9	1 10	3 2	
72
10369.0

12 16	13 14	4 15	5 6	7 11	8 9	1 10	3 2	
73
10369.0

12 16	13 14	4 15	5 6	7 11	8 9	1 10	3 2	
74
10369.0

12 16	13 14	4 15	5 6	7 11	8 9	1 10	3 2	
75
10369.0

12 16	13 14	4 15	5 6	7 11	8 9	1 10	3 2	
76
10369.0

12 16	13 14	4 15	5 6	7 11	8 9	1 10	3 2	
77
10369.0

12 16	13 14	4 15	5 6	7 11	8 9	1 10	3 2	
78
10369.0

12 16	13 14	4 15	5 6	7 11	8 9	1 10	3 2	
79
10369.0

12 16	13 14	4 15	5 6	7 11	8 9	1 10	3 2	
80
10369.0

12 16	13 14	4 15	5 6	7 11	8 9	1 10	3 2	
81
10369.0

12 16	13 14	4 15	5 6	7 11	8 9	1 10	3 2	
82
10369.0

12 16	13 14	4 15	5 6	7 11	8 9	1 10	3 2	
83
10369.0

12 16	13 14	4 15	5 6	7 11	8 9	1 10	3 2	
84
10369.0

12 16	13 14	4 15	5 6	7 11	8 9	1 10	3 2	
85
10369.0

12 16	13 14	4 15	5 6	7 11	8 9	1 10	3 2	
86
10369.0

12 16	13 14	4 15	5 6	7 11	8 9	1 10	3 2	
87
10369.0

12 16	13 14	4 15	5 6	7 11	8 9	1 10	3 2	
88
10369.0

12 16	13 14	4 15	5 6	7 11	8 9	1 10	3 2	
89
10369.0

12 16	13 14	4 15	5 6	7 11	8 9	1 10	3 2	
90
10369.0

12 16	13 14	4 15	5 6	7 11	8 9	1 10	3 2	
91
10369.0

12 16	13 14	4 15	5 6	7 11	8 9	1 10	3 2	
92
10369.0

12 16	13 14	4 15	5 6	7 11	8 9	1 10	3 2	
93
10369.0

12 16	13 14	4 15	5 6	7 11	8 9	1 10	3 2	
94
10369.0

12 16	13 14	4 15	5 6	7 11	8 9	1 10	3 2	
95
10369.0

12 16	13 14	4 15	5 6	7 11	8 9	1 10	3 2	
96
10369.0

12 16	13 14	4 15	5 6	7 11	8 9	1 10	3 2	
97
10369.0

12 16	13 14	4 15	5 6	7 11	8 9	1 10	3 2	
98
10369.0

12 16	13 14	4 15	5 6	7 11	8 9	1 10	3 2	
99
10369.0


Distributive	Graph1.txt	no. of cores= 16	no. of cuts 100
12 16	13 14	4 15	5 6	7 11	8 9	1 10	3 2	
0
10369.0

12 16	13 14	4 15	5 6	7 11	8 9	1 10	3 2	
1
10369.0

12 16	13 14	4 15	5 6	7 11	8 9	1 10	3 2	
2
10369.0

12 16	13 14	4 15	5 6	7 11	8 9	1 10	3 2	
3
10369.0

12 16	13 14	4 15	5 6	7 11	8 9	1 10	3 2	
4
10369.0

12 16	13 14	4 15	5 6	7 11	8 9	1 10	3 2	
5
10369.0

12 16	13 14	4 15	5 6	7 11	8 9	1 10	3 2	
6
10369.0

12 16	13 14	4 15	5 6	7 11	8 9	1 10	3 2	
7
10369.0

12 16	13 14	4 15	5 6	7 11	8 9	1 10	3 2	
8
10369.0

12 16	13 14	4 15	5 6	7 11	8 9	1 10	3 2	
9
10369.0

12 16	13 14	4 15	5 6	7 11	8 9	1 10	3 2	
10
10369.0

12 16	13 14	4 15	5 6	7 11	8 9	1 10	3 2	
11
10369.0

12 16	13 14	4 15	5 6	7 11	8 9	1 10	3 2	
12
10369.0

12 16	13 14	4 15	5 6	7 11	8 9	1 10	3 2	
13
10369.0

12 16	13 14	4 15	5 6	7 11	8 9	1 10	3 2	
14
10369.0

12 16	13 14	4 15	5 6	7 11	8 9	1 10	3 2	
15
10369.0

12 16	13 14	4 15	5 6	7 11	8 9	1 10	3 2	
16
10369.0

12 16	13 14	4 15	5 6	7 11	8 9	1 10	3 2	
17
10369.0

12 16	13 14	4 15	5 6	7 11	8 9	1 10	3 2	
18
10369.0

12 16	13 14	4 15	5 6	7 11	8 9	1 10	3 2	
19
10369.0

12 16	13 14	4 15	5 6	7 11	8 9	1 10	3 2	
20
10369.0

12 16	13 14	4 15	5 6	7 11	8 9	1 10	3 2	
21
10369.0

12 16	13 14	4 15	5 6	7 11	8 9	1 10	3 2	
22
10369.0

12 16	13 14	4 15	5 6	7 11	8 9	1 10	3 2	
23
10369.0

12 16	13 14	4 15	5 6	7 11	8 9	1 10	3 2	
24
10369.0

12 16	13 14	4 15	5 6	7 11	8 9	1 10	3 2	
25
10369.0

12 16	13 14	4 15	5 6	7 11	8 9	1 10	3 2	
26
10369.0

12 16	13 14	4 15	5 6	7 11	8 9	1 10	3 2	
27
10369.0

12 16	13 14	4 15	5 6	7 11	8 9	1 10	3 2	
28
10369.0

12 16	13 14	4 15	5 6	7 11	8 9	1 10	3 2	
29
10369.0

12 16	13 14	4 15	5 6	7 11	8 9	1 10	3 2	
30
10369.0

12 16	13 14	4 15	5 6	7 11	8 9	1 10	3 2	
31
10369.0

12 16	13 14	4 15	5 6	7 11	8 9	1 10	3 2	
32
10369.0

12 16	13 14	4 15	5 6	7 11	8 9	1 10	3 2	
33
10369.0

12 16	13 14	4 15	5 6	7 11	8 9	1 10	3 2	
34
10369.0

12 16	13 14	4 15	5 6	7 11	8 9	1 10	3 2	
35
10369.0

12 16	13 14	4 15	5 6	7 11	8 9	1 10	3 2	
36
10369.0

12 16	13 14	4 15	5 6	7 11	8 9	1 10	3 2	
37
10369.0

12 16	13 14	4 15	5 6	7 11	8 9	1 10	3 2	
38
10369.0

12 16	13 14	4 15	5 6	7 11	8 9	1 10	3 2	
39
10369.0

12 16	13 14	4 15	5 6	7 11	8 9	1 10	3 2	
40
10369.0

12 16	13 14	4 15	5 6	7 11	8 9	1 10	3 2	
41
10369.0

12 16	13 14	4 15	5 6	7 11	8 9	1 10	3 2	
42
10369.0

12 16	13 14	4 15	5 6	7 11	8 9	1 10	3 2	
43
10369.0

12 16	13 14	4 15	5 6	7 11	8 9	1 10	3 2	
44
10369.0

12 16	13 14	4 15	5 6	7 11	8 9	1 10	3 2	
45
10369.0

12 16	13 14	4 15	5 6	7 11	8 9	1 10	3 2	
46
10369.0

12 16	13 14	4 15	5 6	7 11	8 9	1 10	3 2	
47
10369.0

12 16	13 14	4 15	5 6	7 11	8 9	1 10	3 2	
48
10369.0

12 16	13 14	4 15	5 6	7 11	8 9	1 10	3 2	
49
10369.0

12 16	13 14	4 15	5 6	7 11	8 9	1 10	3 2	
50
10369.0

12 16	13 14	4 15	5 6	7 11	8 9	1 10	3 2	
51
10369.0

12 16	13 14	4 15	5 6	7 11	8 9	1 10	3 2	
52
10369.0

12 16	13 14	4 15	5 6	7 11	8 9	1 10	3 2	
53
10369.0

12 16	13 14	4 15	5 6	7 11	8 9	1 10	3 2	
54
10369.0

12 16	13 14	4 15	5 6	7 11	8 9	1 10	3 2	
55
10369.0

12 16	13 14	4 15	5 6	7 11	8 9	1 10	3 2	
56
10369.0

12 16	13 14	4 15	5 6	7 11	8 9	1 10	3 2	
57
10369.0

12 16	13 14	4 15	5 6	7 11	8 9	1 10	3 2	
58
10369.0

12 16	13 14	4 15	5 6	7 11	8 9	1 10	3 2	
59
10369.0

12 16	13 14	4 15	5 6	7 11	8 9	1 10	3 2	
60
10369.0

12 16	13 14	4 15	5 6	7 11	8 9	1 10	3 2	
61
10369.0

12 16	13 14	4 15	5 6	7 11	8 9	1 10	3 2	
62
10369.0

12 16	13 14	4 15	5 6	7 11	8 9	1 10	3 2	
63
10369.0

12 16	13 14	4 15	5 6	7 11	8 9	1 10	3 2	
64
10369.0

12 16	13 14	4 15	5 6	7 11	8 9	1 10	3 2	
65
10369.0

12 16	13 14	4 15	5 6	7 11	8 9	1 10	3 2	
66
10369.0

12 16	13 14	4 15	5 6	7 11	8 9	1 10	3 2	
67
10369.0

12 16	13 14	4 15	5 6	7 11	8 9	1 10	3 2	
68
10369.0

12 16	13 14	4 15	5 6	7 11	8 9	1 10	3 2	
69
10369.0

12 16	13 14	4 15	5 6	7 11	8 9	1 10	3 2	
70
10369.0

12 16	13 14	4 15	5 6	7 11	8 9	1 10	3 2	
71
10369.0

12 16	13 14	4 15	5 6	7 11	8 9	1 10	3 2	
72
10369.0

12 16	13 14	4 15	5 6	7 11	8 9	1 10	3 2	
73
10369.0

12 16	13 14	4 15	5 6	7 11	8 9	1 10	3 2	
74
10369.0

12 16	13 14	4 15	5 6	7 11	8 9	1 10	3 2	
75
10369.0

12 16	13 14	4 15	5 6	7 11	8 9	1 10	3 2	
76
10369.0

12 16	13 14	4 15	5 6	7 11	8 9	1 10	3 2	
77
10369.0

12 16	13 14	4 15	5 6	7 11	8 9	1 10	3 2	
78
10369.0

12 16	13 14	4 15	5 6	7 11	8 9	1 10	3 2	
79
10369.0

12 16	13 14	4 15	5 6	7 11	8 9	1 10	3 2	
80
10369.0

12 16	13 14	4 15	5 6	7 11	8 9	1 10	3 2	
81
10369.0

12 16	13 14	4 15	5 6	7 11	8 9	1 10	3 2	
82
10369.0

12 16	13 14	4 15	5 6	7 11	8 9	1 10	3 2	
83
10369.0

12 16	13 14	4 15	5 6	7 11	8 9	1 10	3 2	
84
10369.0

12 16	13 14	4 15	5 6	7 11	8 9	1 10	3 2	
85
10369.0

12 16	13 14	4 15	5 6	7 11	8 9	1 10	3 2	
86
10369.0

12 16	13 14	4 15	5 6	7 11	8 9	1 10	3 2	
87
10369.0

12 16	13 14	4 15	5 6	7 11	8 9	1 10	3 2	
88
10369.0

12 16	13 14	4 15	5 6	7 11	8 9	1 10	3 2	
89
10369.0

12 16	13 14	4 15	5 6	7 11	8 9	1 10	3 2	
90
10369.0

12 16	13 14	4 15	5 6	7 11	8 9	1 10	3 2	
91
10369.0

12 16	13 14	4 15	5 6	7 11	8 9	1 10	3 2	
92
10369.0

12 16	13 14	4 15	5 6	7 11	8 9	1 10	3 2	
93
10369.0

12 16	13 14	4 15	5 6	7 11	8 9	1 10	3 2	
94
10369.0

12 16	13 14	4 15	5 6	7 11	8 9	1 10	3 2	
95
10369.0

12 16	13 14	4 15	5 6	7 11	8 9	1 10	3 2	
96
10369.0

12 16	13 14	4 15	5 6	7 11	8 9	1 10	3 2	
97
10369.0

12 16	13 14	4 15	5 6	7 11	8 9	1 10	3 2	
98
10369.0

12 16	13 14	4 15	5 6	7 11	8 9	1 10	3 2	
99
10369.0



***** best cost=10369.0
best =012 16	13 14	4 15	5 6	7 11	8 9	1 10	3 2	
0
10369.0

12 16	13 14	4 15	5 6	7 11	8 9	1 10	3 2	
1
10369.0

12 16	13 14	4 15	5 6	7 11	8 9	1 10	3 2	
2
10369.0

12 16	13 14	4 15	5 6	7 11	8 9	1 10	3 2	
3
10369.0

12 16	13 14	4 15	5 6	7 11	8 9	1 10	3 2	
4
10369.0

12 16	13 14	4 15	5 6	7 11	8 9	1 10	3 2	
5
10369.0

12 16	13 14	4 15	5 6	7 11	8 9	1 10	3 2	
6
10369.0

12 16	13 14	4 15	5 6	7 11	8 9	1 10	3 2	
7
10369.0

12 16	13 14	4 15	5 6	7 11	8 9	1 10	3 2	
8
10369.0

12 16	13 14	4 15	5 6	7 11	8 9	1 10	3 2	
9
10369.0

12 16	13 14	4 15	5 6	7 11	8 9	1 10	3 2	
10
10369.0

12 16	13 14	4 15	5 6	7 11	8 9	1 10	3 2	
11
10369.0

12 16	13 14	4 15	5 6	7 11	8 9	1 10	3 2	
12
10369.0

12 16	13 14	4 15	5 6	7 11	8 9	1 10	3 2	
13
10369.0

12 16	13 14	4 15	5 6	7 11	8 9	1 10	3 2	
14
10369.0

12 16	13 14	4 15	5 6	7 11	8 9	1 10	3 2	
15
10369.0

12 16	13 14	4 15	5 6	7 11	8 9	1 10	3 2	
16
10369.0

12 16	13 14	4 15	5 6	7 11	8 9	1 10	3 2	
17
10369.0

12 16	13 14	4 15	5 6	7 11	8 9	1 10	3 2	
18
10369.0

12 16	13 14	4 15	5 6	7 11	8 9	1 10	3 2	
19
10369.0

12 16	13 14	4 15	5 6	7 11	8 9	1 10	3 2	
20
10369.0

12 16	13 14	4 15	5 6	7 11	8 9	1 10	3 2	
21
10369.0

12 16	13 14	4 15	5 6	7 11	8 9	1 10	3 2	
22
10369.0

12 16	13 14	4 15	5 6	7 11	8 9	1 10	3 2	
23
10369.0

12 16	13 14	4 15	5 6	7 11	8 9	1 10	3 2	
24
10369.0

12 16	13 14	4 15	5 6	7 11	8 9	1 10	3 2	
25
10369.0

12 16	13 14	4 15	5 6	7 11	8 9	1 10	3 2	
26
10369.0

12 16	13 14	4 15	5 6	7 11	8 9	1 10	3 2	
27
10369.0

12 16	13 14	4 15	5 6	7 11	8 9	1 10	3 2	
28
10369.0

12 16	13 14	4 15	5 6	7 11	8 9	1 10	3 2	
29
10369.0

12 16	13 14	4 15	5 6	7 11	8 9	1 10	3 2	
30
10369.0

12 16	13 14	4 15	5 6	7 11	8 9	1 10	3 2	
31
10369.0

12 16	13 14	4 15	5 6	7 11	8 9	1 10	3 2	
32
10369.0

12 16	13 14	4 15	5 6	7 11	8 9	1 10	3 2	
33
10369.0

12 16	13 14	4 15	5 6	7 11	8 9	1 10	3 2	
34
10369.0

12 16	13 14	4 15	5 6	7 11	8 9	1 10	3 2	
35
10369.0

12 16	13 14	4 15	5 6	7 11	8 9	1 10	3 2	
36
10369.0

12 16	13 14	4 15	5 6	7 11	8 9	1 10	3 2	
37
10369.0

12 16	13 14	4 15	5 6	7 11	8 9	1 10	3 2	
38
10369.0

12 16	13 14	4 15	5 6	7 11	8 9	1 10	3 2	
39
10369.0

12 16	13 14	4 15	5 6	7 11	8 9	1 10	3 2	
40
10369.0

12 16	13 14	4 15	5 6	7 11	8 9	1 10	3 2	
41
10369.0

12 16	13 14	4 15	5 6	7 11	8 9	1 10	3 2	
42
10369.0

12 16	13 14	4 15	5 6	7 11	8 9	1 10	3 2	
43
10369.0

12 16	13 14	4 15	5 6	7 11	8 9	1 10	3 2	
44
10369.0

12 16	13 14	4 15	5 6	7 11	8 9	1 10	3 2	
45
10369.0

12 16	13 14	4 15	5 6	7 11	8 9	1 10	3 2	
46
10369.0

12 16	13 14	4 15	5 6	7 11	8 9	1 10	3 2	
47
10369.0

12 16	13 14	4 15	5 6	7 11	8 9	1 10	3 2	
48
10369.0

12 16	13 14	4 15	5 6	7 11	8 9	1 10	3 2	
49
10369.0

12 16	13 14	4 15	5 6	7 11	8 9	1 10	3 2	
50
10369.0

12 16	13 14	4 15	5 6	7 11	8 9	1 10	3 2	
51
10369.0

12 16	13 14	4 15	5 6	7 11	8 9	1 10	3 2	
52
10369.0

12 16	13 14	4 15	5 6	7 11	8 9	1 10	3 2	
53
10369.0

12 16	13 14	4 15	5 6	7 11	8 9	1 10	3 2	
54
10369.0

12 16	13 14	4 15	5 6	7 11	8 9	1 10	3 2	
55
10369.0

12 16	13 14	4 15	5 6	7 11	8 9	1 10	3 2	
56
10369.0

12 16	13 14	4 15	5 6	7 11	8 9	1 10	3 2	
57
10369.0

12 16	13 14	4 15	5 6	7 11	8 9	1 10	3 2	
58
10369.0

12 16	13 14	4 15	5 6	7 11	8 9	1 10	3 2	
59
10369.0

12 16	13 14	4 15	5 6	7 11	8 9	1 10	3 2	
60
10369.0

12 16	13 14	4 15	5 6	7 11	8 9	1 10	3 2	
61
10369.0

12 16	13 14	4 15	5 6	7 11	8 9	1 10	3 2	
62
10369.0

12 16	13 14	4 15	5 6	7 11	8 9	1 10	3 2	
63
10369.0

12 16	13 14	4 15	5 6	7 11	8 9	1 10	3 2	
64
10369.0

12 16	13 14	4 15	5 6	7 11	8 9	1 10	3 2	
65
10369.0

12 16	13 14	4 15	5 6	7 11	8 9	1 10	3 2	
66
10369.0

12 16	13 14	4 15	5 6	7 11	8 9	1 10	3 2	
67
10369.0

12 16	13 14	4 15	5 6	7 11	8 9	1 10	3 2	
68
10369.0

12 16	13 14	4 15	5 6	7 11	8 9	1 10	3 2	
69
10369.0

12 16	13 14	4 15	5 6	7 11	8 9	1 10	3 2	
70
10369.0

12 16	13 14	4 15	5 6	7 11	8 9	1 10	3 2	
71
10369.0

12 16	13 14	4 15	5 6	7 11	8 9	1 10	3 2	
72
10369.0

12 16	13 14	4 15	5 6	7 11	8 9	1 10	3 2	
73
10369.0

12 16	13 14	4 15	5 6	7 11	8 9	1 10	3 2	
74
10369.0

12 16	13 14	4 15	5 6	7 11	8 9	1 10	3 2	
75
10369.0

12 16	13 14	4 15	5 6	7 11	8 9	1 10	3 2	
76
10369.0

12 16	13 14	4 15	5 6	7 11	8 9	1 10	3 2	
77
10369.0

12 16	13 14	4 15	5 6	7 11	8 9	1 10	3 2	
78
10369.0

12 16	13 14	4 15	5 6	7 11	8 9	1 10	3 2	
79
10369.0

12 16	13 14	4 15	5 6	7 11	8 9	1 10	3 2	
80
10369.0

12 16	13 14	4 15	5 6	7 11	8 9	1 10	3 2	
81
10369.0

12 16	13 14	4 15	5 6	7 11	8 9	1 10	3 2	
82
10369.0

12 16	13 14	4 15	5 6	7 11	8 9	1 10	3 2	
83
10369.0

12 16	13 14	4 15	5 6	7 11	8 9	1 10	3 2	
84
10369.0

12 16	13 14	4 15	5 6	7 11	8 9	1 10	3 2	
85
10369.0

12 16	13 14	4 15	5 6	7 11	8 9	1 10	3 2	
86
10369.0

12 16	13 14	4 15	5 6	7 11	8 9	1 10	3 2	
87
10369.0

12 16	13 14	4 15	5 6	7 11	8 9	1 10	3 2	
88
10369.0

12 16	13 14	4 15	5 6	7 11	8 9	1 10	3 2	
89
10369.0

12 16	13 14	4 15	5 6	7 11	8 9	1 10	3 2	
90
10369.0

12 16	13 14	4 15	5 6	7 11	8 9	1 10	3 2	
91
10369.0

12 16	13 14	4 15	5 6	7 11	8 9	1 10	3 2	
92
10369.0

12 16	13 14	4 15	5 6	7 11	8 9	1 10	3 2	
93
10369.0

12 16	13 14	4 15	5 6	7 11	8 9	1 10	3 2	
94
10369.0

12 16	13 14	4 15	5 6	7 11	8 9	1 10	3 2	
95
10369.0

12 16	13 14	4 15	5 6	7 11	8 9	1 10	3 2	
96
10369.0

12 16	13 14	4 15	5 6	7 11	8 9	1 10	3 2	
97
10369.0

12 16	13 14	4 15	5 6	7 11	8 9	1 10	3 2	
98
10369.0

12 16	13 14	4 15	5 6	7 11	8 9	1 10	3 2	
99
10369.0


Distributive	Graph1.txt	no. of cores= 16	no. of cuts 100
12 16	13 14	4 15	5 6	7 11	8 9	1 10	3 2	
0
10369.0

12 16	13 14	4 15	5 6	7 11	8 9	1 10	3 2	
1
10369.0

12 16	13 14	4 15	5 6	7 11	8 9	1 10	3 2	
2
10369.0

12 16	13 14	4 15	5 6	7 11	8 9	1 10	3 2	
3
10369.0

12 16	13 14	4 15	5 6	7 11	8 9	1 10	3 2	
4
10369.0

12 16	13 14	4 15	5 6	7 11	8 9	1 10	3 2	
5
10369.0

12 16	13 14	4 15	5 6	7 11	8 9	1 10	3 2	
6
10369.0

12 16	13 14	4 15	5 6	7 11	8 9	1 10	3 2	
7
10369.0

12 16	13 14	4 15	5 6	7 11	8 9	1 10	3 2	
8
10369.0

12 16	13 14	4 15	5 6	7 11	8 9	1 10	3 2	
9
10369.0

12 16	13 14	4 15	5 6	7 11	8 9	1 10	3 2	
10
10369.0

12 16	13 14	4 15	5 6	7 11	8 9	1 10	3 2	
11
10369.0

12 16	13 14	4 15	5 6	7 11	8 9	1 10	3 2	
12
10369.0

12 16	13 14	4 15	5 6	7 11	8 9	1 10	3 2	
13
10369.0

12 16	13 14	4 15	5 6	7 11	8 9	1 10	3 2	
14
10369.0

12 16	13 14	4 15	5 6	7 11	8 9	1 10	3 2	
15
10369.0

12 16	13 14	4 15	5 6	7 11	8 9	1 10	3 2	
16
10369.0

12 16	13 14	4 15	5 6	7 11	8 9	1 10	3 2	
17
10369.0

12 16	13 14	4 15	5 6	7 11	8 9	1 10	3 2	
18
10369.0

12 16	13 14	4 15	5 6	7 11	8 9	1 10	3 2	
19
10369.0

12 16	13 14	4 15	5 6	7 11	8 9	1 10	3 2	
20
10369.0

12 16	13 14	4 15	5 6	7 11	8 9	1 10	3 2	
21
10369.0

12 16	13 14	4 15	5 6	7 11	8 9	1 10	3 2	
22
10369.0

12 16	13 14	4 15	5 6	7 11	8 9	1 10	3 2	
23
10369.0

12 16	13 14	4 15	5 6	7 11	8 9	1 10	3 2	
24
10369.0

12 16	13 14	4 15	5 6	7 11	8 9	1 10	3 2	
25
10369.0

12 16	13 14	4 15	5 6	7 11	8 9	1 10	3 2	
26
10369.0

12 16	13 14	4 15	5 6	7 11	8 9	1 10	3 2	
27
10369.0

12 16	13 14	4 15	5 6	7 11	8 9	1 10	3 2	
28
10369.0

12 16	13 14	4 15	5 6	7 11	8 9	1 10	3 2	
29
10369.0

12 16	13 14	4 15	5 6	7 11	8 9	1 10	3 2	
30
10369.0

12 16	13 14	4 15	5 6	7 11	8 9	1 10	3 2	
31
10369.0

12 16	13 14	4 15	5 6	7 11	8 9	1 10	3 2	
32
10369.0

12 16	13 14	4 15	5 6	7 11	8 9	1 10	3 2	
33
10369.0

12 16	13 14	4 15	5 6	7 11	8 9	1 10	3 2	
34
10369.0

12 16	13 14	4 15	5 6	7 11	8 9	1 10	3 2	
35
10369.0

12 16	13 14	4 15	5 6	7 11	8 9	1 10	3 2	
36
10369.0

12 16	13 14	4 15	5 6	7 11	8 9	1 10	3 2	
37
10369.0

12 16	13 14	4 15	5 6	7 11	8 9	1 10	3 2	
38
10369.0

12 16	13 14	4 15	5 6	7 11	8 9	1 10	3 2	
39
10369.0

12 16	13 14	4 15	5 6	7 11	8 9	1 10	3 2	
40
10369.0

12 16	13 14	4 15	5 6	7 11	8 9	1 10	3 2	
41
10369.0

12 16	13 14	4 15	5 6	7 11	8 9	1 10	3 2	
42
10369.0

12 16	13 14	4 15	5 6	7 11	8 9	1 10	3 2	
43
10369.0

12 16	13 14	4 15	5 6	7 11	8 9	1 10	3 2	
44
10369.0

12 16	13 14	4 15	5 6	7 11	8 9	1 10	3 2	
45
10369.0

12 16	13 14	4 15	5 6	7 11	8 9	1 10	3 2	
46
10369.0

12 16	13 14	4 15	5 6	7 11	8 9	1 10	3 2	
47
10369.0

12 16	13 14	4 15	5 6	7 11	8 9	1 10	3 2	
48
10369.0

12 16	13 14	4 15	5 6	7 11	8 9	1 10	3 2	
49
10369.0

12 16	13 14	4 15	5 6	7 11	8 9	1 10	3 2	
50
10369.0

12 16	13 14	4 15	5 6	7 11	8 9	1 10	3 2	
51
10369.0

12 16	13 14	4 15	5 6	7 11	8 9	1 10	3 2	
52
10369.0

12 16	13 14	4 15	5 6	7 11	8 9	1 10	3 2	
53
10369.0

12 16	13 14	4 15	5 6	7 11	8 9	1 10	3 2	
54
10369.0

12 16	13 14	4 15	5 6	7 11	8 9	1 10	3 2	
55
10369.0

12 16	13 14	4 15	5 6	7 11	8 9	1 10	3 2	
56
10369.0

12 16	13 14	4 15	5 6	7 11	8 9	1 10	3 2	
57
10369.0

12 16	13 14	4 15	5 6	7 11	8 9	1 10	3 2	
58
10369.0

12 16	13 14	4 15	5 6	7 11	8 9	1 10	3 2	
59
10369.0

12 16	13 14	4 15	5 6	7 11	8 9	1 10	3 2	
60
10369.0

12 16	13 14	4 15	5 6	7 11	8 9	1 10	3 2	
61
10369.0

12 16	13 14	4 15	5 6	7 11	8 9	1 10	3 2	
62
10369.0

12 16	13 14	4 15	5 6	7 11	8 9	1 10	3 2	
63
10369.0

12 16	13 14	4 15	5 6	7 11	8 9	1 10	3 2	
64
10369.0

12 16	13 14	4 15	5 6	7 11	8 9	1 10	3 2	
65
10369.0

12 16	13 14	4 15	5 6	7 11	8 9	1 10	3 2	
66
10369.0

12 16	13 14	4 15	5 6	7 11	8 9	1 10	3 2	
67
10369.0

12 16	13 14	4 15	5 6	7 11	8 9	1 10	3 2	
68
10369.0

12 16	13 14	4 15	5 6	7 11	8 9	1 10	3 2	
69
10369.0

12 16	13 14	4 15	5 6	7 11	8 9	1 10	3 2	
70
10369.0

12 16	13 14	4 15	5 6	7 11	8 9	1 10	3 2	
71
10369.0

12 16	13 14	4 15	5 6	7 11	8 9	1 10	3 2	
72
10369.0

12 16	13 14	4 15	5 6	7 11	8 9	1 10	3 2	
73
10369.0

12 16	13 14	4 15	5 6	7 11	8 9	1 10	3 2	
74
10369.0

12 16	13 14	4 15	5 6	7 11	8 9	1 10	3 2	
75
10369.0

12 16	13 14	4 15	5 6	7 11	8 9	1 10	3 2	
76
10369.0

12 16	13 14	4 15	5 6	7 11	8 9	1 10	3 2	
77
10369.0

12 16	13 14	4 15	5 6	7 11	8 9	1 10	3 2	
78
10369.0

12 16	13 14	4 15	5 6	7 11	8 9	1 10	3 2	
79
10369.0

12 16	13 14	4 15	5 6	7 11	8 9	1 10	3 2	
80
10369.0

12 16	13 14	4 15	5 6	7 11	8 9	1 10	3 2	
81
10369.0

12 16	13 14	4 15	5 6	7 11	8 9	1 10	3 2	
82
10369.0

12 16	13 14	4 15	5 6	7 11	8 9	1 10	3 2	
83
10369.0

12 16	13 14	4 15	5 6	7 11	8 9	1 10	3 2	
84
10369.0

12 16	13 14	4 15	5 6	7 11	8 9	1 10	3 2	
85
10369.0

12 16	13 14	4 15	5 6	7 11	8 9	1 10	3 2	
86
10369.0

12 16	13 14	4 15	5 6	7 11	8 9	1 10	3 2	
87
10369.0

12 16	13 14	4 15	5 6	7 11	8 9	1 10	3 2	
88
10369.0

12 16	13 14	4 15	5 6	7 11	8 9	1 10	3 2	
89
10369.0

12 16	13 14	4 15	5 6	7 11	8 9	1 10	3 2	
90
10369.0

12 16	13 14	4 15	5 6	7 11	8 9	1 10	3 2	
91
10369.0

12 16	13 14	4 15	5 6	7 11	8 9	1 10	3 2	
92
10369.0

12 16	13 14	4 15	5 6	7 11	8 9	1 10	3 2	
93
10369.0

12 16	13 14	4 15	5 6	7 11	8 9	1 10	3 2	
94
10369.0

12 16	13 14	4 15	5 6	7 11	8 9	1 10	3 2	
95
10369.0

12 16	13 14	4 15	5 6	7 11	8 9	1 10	3 2	
96
10369.0

12 16	13 14	4 15	5 6	7 11	8 9	1 10	3 2	
97
10369.0

12 16	13 14	4 15	5 6	7 11	8 9	1 10	3 2	
98
10369.0

12 16	13 14	4 15	5 6	7 11	8 9	1 10	3 2	
99
10369.0



***** best cost=10369.0
best =012 16	13 14	4 15	5 6	7 11	8 9	1 10	3 2	
0
10369.0

12 16	13 14	4 15	5 6	7 11	8 9	1 10	3 2	
1
10369.0

12 16	13 14	4 15	5 6	7 11	8 9	1 10	3 2	
2
10369.0

12 16	13 14	4 15	5 6	7 11	8 9	1 10	3 2	
3
10369.0

12 16	13 14	4 15	5 6	7 11	8 9	1 10	3 2	
4
10369.0

12 16	13 14	4 15	5 6	7 11	8 9	1 10	3 2	
5
10369.0

12 16	13 14	4 15	5 6	7 11	8 9	1 10	3 2	
6
10369.0

12 16	13 14	4 15	5 6	7 11	8 9	1 10	3 2	
7
10369.0

12 16	13 14	4 15	5 6	7 11	8 9	1 10	3 2	
8
10369.0

12 16	13 14	4 15	5 6	7 11	8 9	1 10	3 2	
9
10369.0

12 16	13 14	4 15	5 6	7 11	8 9	1 10	3 2	
10
10369.0

12 16	13 14	4 15	5 6	7 11	8 9	1 10	3 2	
11
10369.0

12 16	13 14	4 15	5 6	7 11	8 9	1 10	3 2	
12
10369.0

12 16	13 14	4 15	5 6	7 11	8 9	1 10	3 2	
13
10369.0

12 16	13 14	4 15	5 6	7 11	8 9	1 10	3 2	
14
10369.0

12 16	13 14	4 15	5 6	7 11	8 9	1 10	3 2	
15
10369.0

12 16	13 14	4 15	5 6	7 11	8 9	1 10	3 2	
16
10369.0

12 16	13 14	4 15	5 6	7 11	8 9	1 10	3 2	
17
10369.0

12 16	13 14	4 15	5 6	7 11	8 9	1 10	3 2	
18
10369.0

12 16	13 14	4 15	5 6	7 11	8 9	1 10	3 2	
19
10369.0

12 16	13 14	4 15	5 6	7 11	8 9	1 10	3 2	
20
10369.0

12 16	13 14	4 15	5 6	7 11	8 9	1 10	3 2	
21
10369.0

12 16	13 14	4 15	5 6	7 11	8 9	1 10	3 2	
22
10369.0

12 16	13 14	4 15	5 6	7 11	8 9	1 10	3 2	
23
10369.0

12 16	13 14	4 15	5 6	7 11	8 9	1 10	3 2	
24
10369.0

12 16	13 14	4 15	5 6	7 11	8 9	1 10	3 2	
25
10369.0

12 16	13 14	4 15	5 6	7 11	8 9	1 10	3 2	
26
10369.0

12 16	13 14	4 15	5 6	7 11	8 9	1 10	3 2	
27
10369.0

12 16	13 14	4 15	5 6	7 11	8 9	1 10	3 2	
28
10369.0

12 16	13 14	4 15	5 6	7 11	8 9	1 10	3 2	
29
10369.0

12 16	13 14	4 15	5 6	7 11	8 9	1 10	3 2	
30
10369.0

12 16	13 14	4 15	5 6	7 11	8 9	1 10	3 2	
31
10369.0

12 16	13 14	4 15	5 6	7 11	8 9	1 10	3 2	
32
10369.0

12 16	13 14	4 15	5 6	7 11	8 9	1 10	3 2	
33
10369.0

12 16	13 14	4 15	5 6	7 11	8 9	1 10	3 2	
34
10369.0

12 16	13 14	4 15	5 6	7 11	8 9	1 10	3 2	
35
10369.0

12 16	13 14	4 15	5 6	7 11	8 9	1 10	3 2	
36
10369.0

12 16	13 14	4 15	5 6	7 11	8 9	1 10	3 2	
37
10369.0

12 16	13 14	4 15	5 6	7 11	8 9	1 10	3 2	
38
10369.0

12 16	13 14	4 15	5 6	7 11	8 9	1 10	3 2	
39
10369.0

12 16	13 14	4 15	5 6	7 11	8 9	1 10	3 2	
40
10369.0

12 16	13 14	4 15	5 6	7 11	8 9	1 10	3 2	
41
10369.0

12 16	13 14	4 15	5 6	7 11	8 9	1 10	3 2	
42
10369.0

12 16	13 14	4 15	5 6	7 11	8 9	1 10	3 2	
43
10369.0

12 16	13 14	4 15	5 6	7 11	8 9	1 10	3 2	
44
10369.0

12 16	13 14	4 15	5 6	7 11	8 9	1 10	3 2	
45
10369.0

12 16	13 14	4 15	5 6	7 11	8 9	1 10	3 2	
46
10369.0

12 16	13 14	4 15	5 6	7 11	8 9	1 10	3 2	
47
10369.0

12 16	13 14	4 15	5 6	7 11	8 9	1 10	3 2	
48
10369.0

12 16	13 14	4 15	5 6	7 11	8 9	1 10	3 2	
49
10369.0

12 16	13 14	4 15	5 6	7 11	8 9	1 10	3 2	
50
10369.0

12 16	13 14	4 15	5 6	7 11	8 9	1 10	3 2	
51
10369.0

12 16	13 14	4 15	5 6	7 11	8 9	1 10	3 2	
52
10369.0

12 16	13 14	4 15	5 6	7 11	8 9	1 10	3 2	
53
10369.0

12 16	13 14	4 15	5 6	7 11	8 9	1 10	3 2	
54
10369.0

12 16	13 14	4 15	5 6	7 11	8 9	1 10	3 2	
55
10369.0

12 16	13 14	4 15	5 6	7 11	8 9	1 10	3 2	
56
10369.0

12 16	13 14	4 15	5 6	7 11	8 9	1 10	3 2	
57
10369.0

12 16	13 14	4 15	5 6	7 11	8 9	1 10	3 2	
58
10369.0

12 16	13 14	4 15	5 6	7 11	8 9	1 10	3 2	
59
10369.0

12 16	13 14	4 15	5 6	7 11	8 9	1 10	3 2	
60
10369.0

12 16	13 14	4 15	5 6	7 11	8 9	1 10	3 2	
61
10369.0

12 16	13 14	4 15	5 6	7 11	8 9	1 10	3 2	
62
10369.0

12 16	13 14	4 15	5 6	7 11	8 9	1 10	3 2	
63
10369.0

12 16	13 14	4 15	5 6	7 11	8 9	1 10	3 2	
64
10369.0

12 16	13 14	4 15	5 6	7 11	8 9	1 10	3 2	
65
10369.0

12 16	13 14	4 15	5 6	7 11	8 9	1 10	3 2	
66
10369.0

12 16	13 14	4 15	5 6	7 11	8 9	1 10	3 2	
67
10369.0

12 16	13 14	4 15	5 6	7 11	8 9	1 10	3 2	
68
10369.0

12 16	13 14	4 15	5 6	7 11	8 9	1 10	3 2	
69
10369.0

12 16	13 14	4 15	5 6	7 11	8 9	1 10	3 2	
70
10369.0

12 16	13 14	4 15	5 6	7 11	8 9	1 10	3 2	
71
10369.0

12 16	13 14	4 15	5 6	7 11	8 9	1 10	3 2	
72
10369.0

12 16	13 14	4 15	5 6	7 11	8 9	1 10	3 2	
73
10369.0

12 16	13 14	4 15	5 6	7 11	8 9	1 10	3 2	
74
10369.0

12 16	13 14	4 15	5 6	7 11	8 9	1 10	3 2	
75
10369.0

12 16	13 14	4 15	5 6	7 11	8 9	1 10	3 2	
76
10369.0

12 16	13 14	4 15	5 6	7 11	8 9	1 10	3 2	
77
10369.0

12 16	13 14	4 15	5 6	7 11	8 9	1 10	3 2	
78
10369.0

12 16	13 14	4 15	5 6	7 11	8 9	1 10	3 2	
79
10369.0

12 16	13 14	4 15	5 6	7 11	8 9	1 10	3 2	
80
10369.0

12 16	13 14	4 15	5 6	7 11	8 9	1 10	3 2	
81
10369.0

12 16	13 14	4 15	5 6	7 11	8 9	1 10	3 2	
82
10369.0

12 16	13 14	4 15	5 6	7 11	8 9	1 10	3 2	
83
10369.0

12 16	13 14	4 15	5 6	7 11	8 9	1 10	3 2	
84
10369.0

12 16	13 14	4 15	5 6	7 11	8 9	1 10	3 2	
85
10369.0

12 16	13 14	4 15	5 6	7 11	8 9	1 10	3 2	
86
10369.0

12 16	13 14	4 15	5 6	7 11	8 9	1 10	3 2	
87
10369.0

12 16	13 14	4 15	5 6	7 11	8 9	1 10	3 2	
88
10369.0

12 16	13 14	4 15	5 6	7 11	8 9	1 10	3 2	
89
10369.0

12 16	13 14	4 15	5 6	7 11	8 9	1 10	3 2	
90
10369.0

12 16	13 14	4 15	5 6	7 11	8 9	1 10	3 2	
91
10369.0

12 16	13 14	4 15	5 6	7 11	8 9	1 10	3 2	
92
10369.0

12 16	13 14	4 15	5 6	7 11	8 9	1 10	3 2	
93
10369.0

12 16	13 14	4 15	5 6	7 11	8 9	1 10	3 2	
94
10369.0

12 16	13 14	4 15	5 6	7 11	8 9	1 10	3 2	
95
10369.0

12 16	13 14	4 15	5 6	7 11	8 9	1 10	3 2	
96
10369.0

12 16	13 14	4 15	5 6	7 11	8 9	1 10	3 2	
97
10369.0

12 16	13 14	4 15	5 6	7 11	8 9	1 10	3 2	
98
10369.0

12 16	13 14	4 15	5 6	7 11	8 9	1 10	3 2	
99
10369.0


Distributive	Graph1.txt	no. of cores= 16	no. of cuts 100
12 16	13 14	4 15	5 6	7 11	8 9	1 10	3 2	
0
10369.0

12 16	13 14	4 15	5 6	7 11	8 9	1 10	3 2	
1
10369.0

12 16	13 14	4 15	5 6	7 11	8 9	1 10	3 2	
2
10369.0

12 16	13 14	4 15	5 6	7 11	8 9	1 10	3 2	
3
10369.0

12 16	13 14	4 15	5 6	7 11	8 9	1 10	3 2	
4
10369.0

12 16	13 14	4 15	5 6	7 11	8 9	1 10	3 2	
5
10369.0

12 16	13 14	4 15	5 6	7 11	8 9	1 10	3 2	
6
10369.0

12 16	13 14	4 15	5 6	7 11	8 9	1 10	3 2	
7
10369.0

12 16	13 14	4 15	5 6	7 11	8 9	1 10	3 2	
8
10369.0

12 16	13 14	4 15	5 6	7 11	8 9	1 10	3 2	
9
10369.0

12 16	13 14	4 15	5 6	7 11	8 9	1 10	3 2	
10
10369.0

12 16	13 14	4 15	5 6	7 11	8 9	1 10	3 2	
11
10369.0

12 16	13 14	4 15	5 6	7 11	8 9	1 10	3 2	
12
10369.0

12 16	13 14	4 15	5 6	7 11	8 9	1 10	3 2	
13
10369.0

12 16	13 14	4 15	5 6	7 11	8 9	1 10	3 2	
14
10369.0

12 16	13 14	4 15	5 6	7 11	8 9	1 10	3 2	
15
10369.0

12 16	13 14	4 15	5 6	7 11	8 9	1 10	3 2	
16
10369.0

12 16	13 14	4 15	5 6	7 11	8 9	1 10	3 2	
17
10369.0

12 16	13 14	4 15	5 6	7 11	8 9	1 10	3 2	
18
10369.0

12 16	13 14	4 15	5 6	7 11	8 9	1 10	3 2	
19
10369.0

12 16	13 14	4 15	5 6	7 11	8 9	1 10	3 2	
20
10369.0

12 16	13 14	4 15	5 6	7 11	8 9	1 10	3 2	
21
10369.0

12 16	13 14	4 15	5 6	7 11	8 9	1 10	3 2	
22
10369.0

12 16	13 14	4 15	5 6	7 11	8 9	1 10	3 2	
23
10369.0

12 16	13 14	4 15	5 6	7 11	8 9	1 10	3 2	
24
10369.0

12 16	13 14	4 15	5 6	7 11	8 9	1 10	3 2	
25
10369.0

12 16	13 14	4 15	5 6	7 11	8 9	1 10	3 2	
26
10369.0

12 16	13 14	4 15	5 6	7 11	8 9	1 10	3 2	
27
10369.0

12 16	13 14	4 15	5 6	7 11	8 9	1 10	3 2	
28
10369.0

12 16	13 14	4 15	5 6	7 11	8 9	1 10	3 2	
29
10369.0

12 16	13 14	4 15	5 6	7 11	8 9	1 10	3 2	
30
10369.0

12 16	13 14	4 15	5 6	7 11	8 9	1 10	3 2	
31
10369.0

12 16	13 14	4 15	5 6	7 11	8 9	1 10	3 2	
32
10369.0

12 16	13 14	4 15	5 6	7 11	8 9	1 10	3 2	
33
10369.0

12 16	13 14	4 15	5 6	7 11	8 9	1 10	3 2	
34
10369.0

12 16	13 14	4 15	5 6	7 11	8 9	1 10	3 2	
35
10369.0

12 16	13 14	4 15	5 6	7 11	8 9	1 10	3 2	
36
10369.0

12 16	13 14	4 15	5 6	7 11	8 9	1 10	3 2	
37
10369.0

12 16	13 14	4 15	5 6	7 11	8 9	1 10	3 2	
38
10369.0

12 16	13 14	4 15	5 6	7 11	8 9	1 10	3 2	
39
10369.0

12 16	13 14	4 15	5 6	7 11	8 9	1 10	3 2	
40
10369.0

12 16	13 14	4 15	5 6	7 11	8 9	1 10	3 2	
41
10369.0

12 16	13 14	4 15	5 6	7 11	8 9	1 10	3 2	
42
10369.0

12 16	13 14	4 15	5 6	7 11	8 9	1 10	3 2	
43
10369.0

12 16	13 14	4 15	5 6	7 11	8 9	1 10	3 2	
44
10369.0

12 16	13 14	4 15	5 6	7 11	8 9	1 10	3 2	
45
10369.0

12 16	13 14	4 15	5 6	7 11	8 9	1 10	3 2	
46
10369.0

12 16	13 14	4 15	5 6	7 11	8 9	1 10	3 2	
47
10369.0

12 16	13 14	4 15	5 6	7 11	8 9	1 10	3 2	
48
10369.0

12 16	13 14	4 15	5 6	7 11	8 9	1 10	3 2	
49
10369.0

12 16	13 14	4 15	5 6	7 11	8 9	1 10	3 2	
50
10369.0

12 16	13 14	4 15	5 6	7 11	8 9	1 10	3 2	
51
10369.0

12 16	13 14	4 15	5 6	7 11	8 9	1 10	3 2	
52
10369.0

12 16	13 14	4 15	5 6	7 11	8 9	1 10	3 2	
53
10369.0

12 16	13 14	4 15	5 6	7 11	8 9	1 10	3 2	
54
10369.0

12 16	13 14	4 15	5 6	7 11	8 9	1 10	3 2	
55
10369.0

12 16	13 14	4 15	5 6	7 11	8 9	1 10	3 2	
56
10369.0

12 16	13 14	4 15	5 6	7 11	8 9	1 10	3 2	
57
10369.0

12 16	13 14	4 15	5 6	7 11	8 9	1 10	3 2	
58
10369.0

12 16	13 14	4 15	5 6	7 11	8 9	1 10	3 2	
59
10369.0

12 16	13 14	4 15	5 6	7 11	8 9	1 10	3 2	
60
10369.0

12 16	13 14	4 15	5 6	7 11	8 9	1 10	3 2	
61
10369.0

12 16	13 14	4 15	5 6	7 11	8 9	1 10	3 2	
62
10369.0

12 16	13 14	4 15	5 6	7 11	8 9	1 10	3 2	
63
10369.0

12 16	13 14	4 15	5 6	7 11	8 9	1 10	3 2	
64
10369.0

12 16	13 14	4 15	5 6	7 11	8 9	1 10	3 2	
65
10369.0

12 16	13 14	4 15	5 6	7 11	8 9	1 10	3 2	
66
10369.0

12 16	13 14	4 15	5 6	7 11	8 9	1 10	3 2	
67
10369.0

12 16	13 14	4 15	5 6	7 11	8 9	1 10	3 2	
68
10369.0

12 16	13 14	4 15	5 6	7 11	8 9	1 10	3 2	
69
10369.0

12 16	13 14	4 15	5 6	7 11	8 9	1 10	3 2	
70
10369.0

12 16	13 14	4 15	5 6	7 11	8 9	1 10	3 2	
71
10369.0

12 16	13 14	4 15	5 6	7 11	8 9	1 10	3 2	
72
10369.0

12 16	13 14	4 15	5 6	7 11	8 9	1 10	3 2	
73
10369.0

12 16	13 14	4 15	5 6	7 11	8 9	1 10	3 2	
74
10369.0

12 16	13 14	4 15	5 6	7 11	8 9	1 10	3 2	
75
10369.0

12 16	13 14	4 15	5 6	7 11	8 9	1 10	3 2	
76
10369.0

12 16	13 14	4 15	5 6	7 11	8 9	1 10	3 2	
77
10369.0

12 16	13 14	4 15	5 6	7 11	8 9	1 10	3 2	
78
10369.0

12 16	13 14	4 15	5 6	7 11	8 9	1 10	3 2	
79
10369.0

12 16	13 14	4 15	5 6	7 11	8 9	1 10	3 2	
80
10369.0

12 16	13 14	4 15	5 6	7 11	8 9	1 10	3 2	
81
10369.0

12 16	13 14	4 15	5 6	7 11	8 9	1 10	3 2	
82
10369.0

12 16	13 14	4 15	5 6	7 11	8 9	1 10	3 2	
83
10369.0

12 16	13 14	4 15	5 6	7 11	8 9	1 10	3 2	
84
10369.0

12 16	13 14	4 15	5 6	7 11	8 9	1 10	3 2	
85
10369.0

12 16	13 14	4 15	5 6	7 11	8 9	1 10	3 2	
86
10369.0

12 16	13 14	4 15	5 6	7 11	8 9	1 10	3 2	
87
10369.0

12 16	13 14	4 15	5 6	7 11	8 9	1 10	3 2	
88
10369.0

12 16	13 14	4 15	5 6	7 11	8 9	1 10	3 2	
89
10369.0

12 16	13 14	4 15	5 6	7 11	8 9	1 10	3 2	
90
10369.0

12 16	13 14	4 15	5 6	7 11	8 9	1 10	3 2	
91
10369.0

12 16	13 14	4 15	5 6	7 11	8 9	1 10	3 2	
92
10369.0

12 16	13 14	4 15	5 6	7 11	8 9	1 10	3 2	
93
10369.0

12 16	13 14	4 15	5 6	7 11	8 9	1 10	3 2	
94
10369.0

12 16	13 14	4 15	5 6	7 11	8 9	1 10	3 2	
95
10369.0

12 16	13 14	4 15	5 6	7 11	8 9	1 10	3 2	
96
10369.0

12 16	13 14	4 15	5 6	7 11	8 9	1 10	3 2	
97
10369.0

12 16	13 14	4 15	5 6	7 11	8 9	1 10	3 2	
98
10369.0

12 16	13 14	4 15	5 6	7 11	8 9	1 10	3 2	
99
10369.0



***** best cost=10369.0
best =012 16	13 14	4 15	5 6	7 11	8 9	1 10	3 2	
0
10369.0

12 16	13 14	4 15	5 6	7 11	8 9	1 10	3 2	
1
10369.0

12 16	13 14	4 15	5 6	7 11	8 9	1 10	3 2	
2
10369.0

12 16	13 14	4 15	5 6	7 11	8 9	1 10	3 2	
3
10369.0

12 16	13 14	4 15	5 6	7 11	8 9	1 10	3 2	
4
10369.0

12 16	13 14	4 15	5 6	7 11	8 9	1 10	3 2	
5
10369.0

12 16	13 14	4 15	5 6	7 11	8 9	1 10	3 2	
6
10369.0

12 16	13 14	4 15	5 6	7 11	8 9	1 10	3 2	
7
10369.0

12 16	13 14	4 15	5 6	7 11	8 9	1 10	3 2	
8
10369.0

12 16	13 14	4 15	5 6	7 11	8 9	1 10	3 2	
9
10369.0

12 16	13 14	4 15	5 6	7 11	8 9	1 10	3 2	
10
10369.0

12 16	13 14	4 15	5 6	7 11	8 9	1 10	3 2	
11
10369.0

12 16	13 14	4 15	5 6	7 11	8 9	1 10	3 2	
12
10369.0

12 16	13 14	4 15	5 6	7 11	8 9	1 10	3 2	
13
10369.0

12 16	13 14	4 15	5 6	7 11	8 9	1 10	3 2	
14
10369.0

12 16	13 14	4 15	5 6	7 11	8 9	1 10	3 2	
15
10369.0

12 16	13 14	4 15	5 6	7 11	8 9	1 10	3 2	
16
10369.0

12 16	13 14	4 15	5 6	7 11	8 9	1 10	3 2	
17
10369.0

12 16	13 14	4 15	5 6	7 11	8 9	1 10	3 2	
18
10369.0

12 16	13 14	4 15	5 6	7 11	8 9	1 10	3 2	
19
10369.0

12 16	13 14	4 15	5 6	7 11	8 9	1 10	3 2	
20
10369.0

12 16	13 14	4 15	5 6	7 11	8 9	1 10	3 2	
21
10369.0

12 16	13 14	4 15	5 6	7 11	8 9	1 10	3 2	
22
10369.0

12 16	13 14	4 15	5 6	7 11	8 9	1 10	3 2	
23
10369.0

12 16	13 14	4 15	5 6	7 11	8 9	1 10	3 2	
24
10369.0

12 16	13 14	4 15	5 6	7 11	8 9	1 10	3 2	
25
10369.0

12 16	13 14	4 15	5 6	7 11	8 9	1 10	3 2	
26
10369.0

12 16	13 14	4 15	5 6	7 11	8 9	1 10	3 2	
27
10369.0

12 16	13 14	4 15	5 6	7 11	8 9	1 10	3 2	
28
10369.0

12 16	13 14	4 15	5 6	7 11	8 9	1 10	3 2	
29
10369.0

12 16	13 14	4 15	5 6	7 11	8 9	1 10	3 2	
30
10369.0

12 16	13 14	4 15	5 6	7 11	8 9	1 10	3 2	
31
10369.0

12 16	13 14	4 15	5 6	7 11	8 9	1 10	3 2	
32
10369.0

12 16	13 14	4 15	5 6	7 11	8 9	1 10	3 2	
33
10369.0

12 16	13 14	4 15	5 6	7 11	8 9	1 10	3 2	
34
10369.0

12 16	13 14	4 15	5 6	7 11	8 9	1 10	3 2	
35
10369.0

12 16	13 14	4 15	5 6	7 11	8 9	1 10	3 2	
36
10369.0

12 16	13 14	4 15	5 6	7 11	8 9	1 10	3 2	
37
10369.0

12 16	13 14	4 15	5 6	7 11	8 9	1 10	3 2	
38
10369.0

12 16	13 14	4 15	5 6	7 11	8 9	1 10	3 2	
39
10369.0

12 16	13 14	4 15	5 6	7 11	8 9	1 10	3 2	
40
10369.0

12 16	13 14	4 15	5 6	7 11	8 9	1 10	3 2	
41
10369.0

12 16	13 14	4 15	5 6	7 11	8 9	1 10	3 2	
42
10369.0

12 16	13 14	4 15	5 6	7 11	8 9	1 10	3 2	
43
10369.0

12 16	13 14	4 15	5 6	7 11	8 9	1 10	3 2	
44
10369.0

12 16	13 14	4 15	5 6	7 11	8 9	1 10	3 2	
45
10369.0

12 16	13 14	4 15	5 6	7 11	8 9	1 10	3 2	
46
10369.0

12 16	13 14	4 15	5 6	7 11	8 9	1 10	3 2	
47
10369.0

12 16	13 14	4 15	5 6	7 11	8 9	1 10	3 2	
48
10369.0

12 16	13 14	4 15	5 6	7 11	8 9	1 10	3 2	
49
10369.0

12 16	13 14	4 15	5 6	7 11	8 9	1 10	3 2	
50
10369.0

12 16	13 14	4 15	5 6	7 11	8 9	1 10	3 2	
51
10369.0

12 16	13 14	4 15	5 6	7 11	8 9	1 10	3 2	
52
10369.0

12 16	13 14	4 15	5 6	7 11	8 9	1 10	3 2	
53
10369.0

12 16	13 14	4 15	5 6	7 11	8 9	1 10	3 2	
54
10369.0

12 16	13 14	4 15	5 6	7 11	8 9	1 10	3 2	
55
10369.0

12 16	13 14	4 15	5 6	7 11	8 9	1 10	3 2	
56
10369.0

12 16	13 14	4 15	5 6	7 11	8 9	1 10	3 2	
57
10369.0

12 16	13 14	4 15	5 6	7 11	8 9	1 10	3 2	
58
10369.0

12 16	13 14	4 15	5 6	7 11	8 9	1 10	3 2	
59
10369.0

12 16	13 14	4 15	5 6	7 11	8 9	1 10	3 2	
60
10369.0

12 16	13 14	4 15	5 6	7 11	8 9	1 10	3 2	
61
10369.0

12 16	13 14	4 15	5 6	7 11	8 9	1 10	3 2	
62
10369.0

12 16	13 14	4 15	5 6	7 11	8 9	1 10	3 2	
63
10369.0

12 16	13 14	4 15	5 6	7 11	8 9	1 10	3 2	
64
10369.0

12 16	13 14	4 15	5 6	7 11	8 9	1 10	3 2	
65
10369.0

12 16	13 14	4 15	5 6	7 11	8 9	1 10	3 2	
66
10369.0

12 16	13 14	4 15	5 6	7 11	8 9	1 10	3 2	
67
10369.0

12 16	13 14	4 15	5 6	7 11	8 9	1 10	3 2	
68
10369.0

12 16	13 14	4 15	5 6	7 11	8 9	1 10	3 2	
69
10369.0

12 16	13 14	4 15	5 6	7 11	8 9	1 10	3 2	
70
10369.0

12 16	13 14	4 15	5 6	7 11	8 9	1 10	3 2	
71
10369.0

12 16	13 14	4 15	5 6	7 11	8 9	1 10	3 2	
72
10369.0

12 16	13 14	4 15	5 6	7 11	8 9	1 10	3 2	
73
10369.0

12 16	13 14	4 15	5 6	7 11	8 9	1 10	3 2	
74
10369.0

12 16	13 14	4 15	5 6	7 11	8 9	1 10	3 2	
75
10369.0

12 16	13 14	4 15	5 6	7 11	8 9	1 10	3 2	
76
10369.0

12 16	13 14	4 15	5 6	7 11	8 9	1 10	3 2	
77
10369.0

12 16	13 14	4 15	5 6	7 11	8 9	1 10	3 2	
78
10369.0

12 16	13 14	4 15	5 6	7 11	8 9	1 10	3 2	
79
10369.0

12 16	13 14	4 15	5 6	7 11	8 9	1 10	3 2	
80
10369.0

12 16	13 14	4 15	5 6	7 11	8 9	1 10	3 2	
81
10369.0

12 16	13 14	4 15	5 6	7 11	8 9	1 10	3 2	
82
10369.0

12 16	13 14	4 15	5 6	7 11	8 9	1 10	3 2	
83
10369.0

12 16	13 14	4 15	5 6	7 11	8 9	1 10	3 2	
84
10369.0

12 16	13 14	4 15	5 6	7 11	8 9	1 10	3 2	
85
10369.0

12 16	13 14	4 15	5 6	7 11	8 9	1 10	3 2	
86
10369.0

12 16	13 14	4 15	5 6	7 11	8 9	1 10	3 2	
87
10369.0

12 16	13 14	4 15	5 6	7 11	8 9	1 10	3 2	
88
10369.0

12 16	13 14	4 15	5 6	7 11	8 9	1 10	3 2	
89
10369.0

12 16	13 14	4 15	5 6	7 11	8 9	1 10	3 2	
90
10369.0

12 16	13 14	4 15	5 6	7 11	8 9	1 10	3 2	
91
10369.0

12 16	13 14	4 15	5 6	7 11	8 9	1 10	3 2	
92
10369.0

12 16	13 14	4 15	5 6	7 11	8 9	1 10	3 2	
93
10369.0

12 16	13 14	4 15	5 6	7 11	8 9	1 10	3 2	
94
10369.0

12 16	13 14	4 15	5 6	7 11	8 9	1 10	3 2	
95
10369.0

12 16	13 14	4 15	5 6	7 11	8 9	1 10	3 2	
96
10369.0

12 16	13 14	4 15	5 6	7 11	8 9	1 10	3 2	
97
10369.0

12 16	13 14	4 15	5 6	7 11	8 9	1 10	3 2	
98
10369.0

12 16	13 14	4 15	5 6	7 11	8 9	1 10	3 2	
99
10369.0


Distributive	Graph1.txt	no. of cores= 16	no. of cuts 100
12 16	13 14	4 15	5 6	7 11	8 9	1 10	3 2	
0
10369.0

12 16	13 14	4 15	5 6	7 11	8 9	1 10	3 2	
1
10369.0

12 16	13 14	4 15	5 6	7 11	8 9	1 10	3 2	
2
10369.0

12 16	13 14	4 15	5 6	7 11	8 9	1 10	3 2	
3
10369.0

12 16	13 14	4 15	5 6	7 11	8 9	1 10	3 2	
4
10369.0

12 16	13 14	4 15	5 6	7 11	8 9	1 10	3 2	
5
10369.0

12 16	13 14	4 15	5 6	7 11	8 9	1 10	3 2	
6
10369.0

12 16	13 14	4 15	5 6	7 11	8 9	1 10	3 2	
7
10369.0

12 16	13 14	4 15	5 6	7 11	8 9	1 10	3 2	
8
10369.0

12 16	13 14	4 15	5 6	7 11	8 9	1 10	3 2	
9
10369.0

12 16	13 14	4 15	5 6	7 11	8 9	1 10	3 2	
10
10369.0

12 16	13 14	4 15	5 6	7 11	8 9	1 10	3 2	
11
10369.0

12 16	13 14	4 15	5 6	7 11	8 9	1 10	3 2	
12
10369.0

12 16	13 14	4 15	5 6	7 11	8 9	1 10	3 2	
13
10369.0

12 16	13 14	4 15	5 6	7 11	8 9	1 10	3 2	
14
10369.0

12 16	13 14	4 15	5 6	7 11	8 9	1 10	3 2	
15
10369.0

12 16	13 14	4 15	5 6	7 11	8 9	1 10	3 2	
16
10369.0

12 16	13 14	4 15	5 6	7 11	8 9	1 10	3 2	
17
10369.0

12 16	13 14	4 15	5 6	7 11	8 9	1 10	3 2	
18
10369.0

12 16	13 14	4 15	5 6	7 11	8 9	1 10	3 2	
19
10369.0

12 16	13 14	4 15	5 6	7 11	8 9	1 10	3 2	
20
10369.0

12 16	13 14	4 15	5 6	7 11	8 9	1 10	3 2	
21
10369.0

12 16	13 14	4 15	5 6	7 11	8 9	1 10	3 2	
22
10369.0

12 16	13 14	4 15	5 6	7 11	8 9	1 10	3 2	
23
10369.0

12 16	13 14	4 15	5 6	7 11	8 9	1 10	3 2	
24
10369.0

12 16	13 14	4 15	5 6	7 11	8 9	1 10	3 2	
25
10369.0

12 16	13 14	4 15	5 6	7 11	8 9	1 10	3 2	
26
10369.0

12 16	13 14	4 15	5 6	7 11	8 9	1 10	3 2	
27
10369.0

12 16	13 14	4 15	5 6	7 11	8 9	1 10	3 2	
28
10369.0

12 16	13 14	4 15	5 6	7 11	8 9	1 10	3 2	
29
10369.0

12 16	13 14	4 15	5 6	7 11	8 9	1 10	3 2	
30
10369.0

12 16	13 14	4 15	5 6	7 11	8 9	1 10	3 2	
31
10369.0

12 16	13 14	4 15	5 6	7 11	8 9	1 10	3 2	
32
10369.0

12 16	13 14	4 15	5 6	7 11	8 9	1 10	3 2	
33
10369.0

12 16	13 14	4 15	5 6	7 11	8 9	1 10	3 2	
34
10369.0

12 16	13 14	4 15	5 6	7 11	8 9	1 10	3 2	
35
10369.0

12 16	13 14	4 15	5 6	7 11	8 9	1 10	3 2	
36
10369.0

12 16	13 14	4 15	5 6	7 11	8 9	1 10	3 2	
37
10369.0

12 16	13 14	4 15	5 6	7 11	8 9	1 10	3 2	
38
10369.0

12 16	13 14	4 15	5 6	7 11	8 9	1 10	3 2	
39
10369.0

12 16	13 14	4 15	5 6	7 11	8 9	1 10	3 2	
40
10369.0

12 16	13 14	4 15	5 6	7 11	8 9	1 10	3 2	
41
10369.0

12 16	13 14	4 15	5 6	7 11	8 9	1 10	3 2	
42
10369.0

12 16	13 14	4 15	5 6	7 11	8 9	1 10	3 2	
43
10369.0

12 16	13 14	4 15	5 6	7 11	8 9	1 10	3 2	
44
10369.0

12 16	13 14	4 15	5 6	7 11	8 9	1 10	3 2	
45
10369.0

12 16	13 14	4 15	5 6	7 11	8 9	1 10	3 2	
46
10369.0

12 16	13 14	4 15	5 6	7 11	8 9	1 10	3 2	
47
10369.0

12 16	13 14	4 15	5 6	7 11	8 9	1 10	3 2	
48
10369.0

12 16	13 14	4 15	5 6	7 11	8 9	1 10	3 2	
49
10369.0

12 16	13 14	4 15	5 6	7 11	8 9	1 10	3 2	
50
10369.0

12 16	13 14	4 15	5 6	7 11	8 9	1 10	3 2	
51
10369.0

12 16	13 14	4 15	5 6	7 11	8 9	1 10	3 2	
52
10369.0

12 16	13 14	4 15	5 6	7 11	8 9	1 10	3 2	
53
10369.0

12 16	13 14	4 15	5 6	7 11	8 9	1 10	3 2	
54
10369.0

12 16	13 14	4 15	5 6	7 11	8 9	1 10	3 2	
55
10369.0

12 16	13 14	4 15	5 6	7 11	8 9	1 10	3 2	
56
10369.0

12 16	13 14	4 15	5 6	7 11	8 9	1 10	3 2	
57
10369.0

12 16	13 14	4 15	5 6	7 11	8 9	1 10	3 2	
58
10369.0

12 16	13 14	4 15	5 6	7 11	8 9	1 10	3 2	
59
10369.0

12 16	13 14	4 15	5 6	7 11	8 9	1 10	3 2	
60
10369.0

12 16	13 14	4 15	5 6	7 11	8 9	1 10	3 2	
61
10369.0

12 16	13 14	4 15	5 6	7 11	8 9	1 10	3 2	
62
10369.0

12 16	13 14	4 15	5 6	7 11	8 9	1 10	3 2	
63
10369.0

12 16	13 14	4 15	5 6	7 11	8 9	1 10	3 2	
64
10369.0

12 16	13 14	4 15	5 6	7 11	8 9	1 10	3 2	
65
10369.0

12 16	13 14	4 15	5 6	7 11	8 9	1 10	3 2	
66
10369.0

12 16	13 14	4 15	5 6	7 11	8 9	1 10	3 2	
67
10369.0

12 16	13 14	4 15	5 6	7 11	8 9	1 10	3 2	
68
10369.0

12 16	13 14	4 15	5 6	7 11	8 9	1 10	3 2	
69
10369.0

12 16	13 14	4 15	5 6	7 11	8 9	1 10	3 2	
70
10369.0

12 16	13 14	4 15	5 6	7 11	8 9	1 10	3 2	
71
10369.0

12 16	13 14	4 15	5 6	7 11	8 9	1 10	3 2	
72
10369.0

12 16	13 14	4 15	5 6	7 11	8 9	1 10	3 2	
73
10369.0

12 16	13 14	4 15	5 6	7 11	8 9	1 10	3 2	
74
10369.0

12 16	13 14	4 15	5 6	7 11	8 9	1 10	3 2	
75
10369.0

12 16	13 14	4 15	5 6	7 11	8 9	1 10	3 2	
76
10369.0

12 16	13 14	4 15	5 6	7 11	8 9	1 10	3 2	
77
10369.0

12 16	13 14	4 15	5 6	7 11	8 9	1 10	3 2	
78
10369.0

12 16	13 14	4 15	5 6	7 11	8 9	1 10	3 2	
79
10369.0

12 16	13 14	4 15	5 6	7 11	8 9	1 10	3 2	
80
10369.0

12 16	13 14	4 15	5 6	7 11	8 9	1 10	3 2	
81
10369.0

12 16	13 14	4 15	5 6	7 11	8 9	1 10	3 2	
82
10369.0

12 16	13 14	4 15	5 6	7 11	8 9	1 10	3 2	
83
10369.0

12 16	13 14	4 15	5 6	7 11	8 9	1 10	3 2	
84
10369.0

12 16	13 14	4 15	5 6	7 11	8 9	1 10	3 2	
85
10369.0

12 16	13 14	4 15	5 6	7 11	8 9	1 10	3 2	
86
10369.0

12 16	13 14	4 15	5 6	7 11	8 9	1 10	3 2	
87
10369.0

12 16	13 14	4 15	5 6	7 11	8 9	1 10	3 2	
88
10369.0

12 16	13 14	4 15	5 6	7 11	8 9	1 10	3 2	
89
10369.0

12 16	13 14	4 15	5 6	7 11	8 9	1 10	3 2	
90
10369.0

12 16	13 14	4 15	5 6	7 11	8 9	1 10	3 2	
91
10369.0

12 16	13 14	4 15	5 6	7 11	8 9	1 10	3 2	
92
10369.0

12 16	13 14	4 15	5 6	7 11	8 9	1 10	3 2	
93
10369.0

12 16	13 14	4 15	5 6	7 11	8 9	1 10	3 2	
94
10369.0

12 16	13 14	4 15	5 6	7 11	8 9	1 10	3 2	
95
10369.0

12 16	13 14	4 15	5 6	7 11	8 9	1 10	3 2	
96
10369.0

12 16	13 14	4 15	5 6	7 11	8 9	1 10	3 2	
97
10369.0

12 16	13 14	4 15	5 6	7 11	8 9	1 10	3 2	
98
10369.0

12 16	13 14	4 15	5 6	7 11	8 9	1 10	3 2	
99
10369.0



***** best cost=10369.0
best =012 16	13 14	4 15	5 6	7 11	8 9	1 10	3 2	
0
10369.0

12 16	13 14	4 15	5 6	7 11	8 9	1 10	3 2	
1
10369.0

12 16	13 14	4 15	5 6	7 11	8 9	1 10	3 2	
2
10369.0

12 16	13 14	4 15	5 6	7 11	8 9	1 10	3 2	
3
10369.0

12 16	13 14	4 15	5 6	7 11	8 9	1 10	3 2	
4
10369.0

12 16	13 14	4 15	5 6	7 11	8 9	1 10	3 2	
5
10369.0

12 16	13 14	4 15	5 6	7 11	8 9	1 10	3 2	
6
10369.0

12 16	13 14	4 15	5 6	7 11	8 9	1 10	3 2	
7
10369.0

12 16	13 14	4 15	5 6	7 11	8 9	1 10	3 2	
8
10369.0

12 16	13 14	4 15	5 6	7 11	8 9	1 10	3 2	
9
10369.0

12 16	13 14	4 15	5 6	7 11	8 9	1 10	3 2	
10
10369.0

12 16	13 14	4 15	5 6	7 11	8 9	1 10	3 2	
11
10369.0

12 16	13 14	4 15	5 6	7 11	8 9	1 10	3 2	
12
10369.0

12 16	13 14	4 15	5 6	7 11	8 9	1 10	3 2	
13
10369.0

12 16	13 14	4 15	5 6	7 11	8 9	1 10	3 2	
14
10369.0

12 16	13 14	4 15	5 6	7 11	8 9	1 10	3 2	
15
10369.0

12 16	13 14	4 15	5 6	7 11	8 9	1 10	3 2	
16
10369.0

12 16	13 14	4 15	5 6	7 11	8 9	1 10	3 2	
17
10369.0

12 16	13 14	4 15	5 6	7 11	8 9	1 10	3 2	
18
10369.0

12 16	13 14	4 15	5 6	7 11	8 9	1 10	3 2	
19
10369.0

12 16	13 14	4 15	5 6	7 11	8 9	1 10	3 2	
20
10369.0

12 16	13 14	4 15	5 6	7 11	8 9	1 10	3 2	
21
10369.0

12 16	13 14	4 15	5 6	7 11	8 9	1 10	3 2	
22
10369.0

12 16	13 14	4 15	5 6	7 11	8 9	1 10	3 2	
23
10369.0

12 16	13 14	4 15	5 6	7 11	8 9	1 10	3 2	
24
10369.0

12 16	13 14	4 15	5 6	7 11	8 9	1 10	3 2	
25
10369.0

12 16	13 14	4 15	5 6	7 11	8 9	1 10	3 2	
26
10369.0

12 16	13 14	4 15	5 6	7 11	8 9	1 10	3 2	
27
10369.0

12 16	13 14	4 15	5 6	7 11	8 9	1 10	3 2	
28
10369.0

12 16	13 14	4 15	5 6	7 11	8 9	1 10	3 2	
29
10369.0

12 16	13 14	4 15	5 6	7 11	8 9	1 10	3 2	
30
10369.0

12 16	13 14	4 15	5 6	7 11	8 9	1 10	3 2	
31
10369.0

12 16	13 14	4 15	5 6	7 11	8 9	1 10	3 2	
32
10369.0

12 16	13 14	4 15	5 6	7 11	8 9	1 10	3 2	
33
10369.0

12 16	13 14	4 15	5 6	7 11	8 9	1 10	3 2	
34
10369.0

12 16	13 14	4 15	5 6	7 11	8 9	1 10	3 2	
35
10369.0

12 16	13 14	4 15	5 6	7 11	8 9	1 10	3 2	
36
10369.0

12 16	13 14	4 15	5 6	7 11	8 9	1 10	3 2	
37
10369.0

12 16	13 14	4 15	5 6	7 11	8 9	1 10	3 2	
38
10369.0

12 16	13 14	4 15	5 6	7 11	8 9	1 10	3 2	
39
10369.0

12 16	13 14	4 15	5 6	7 11	8 9	1 10	3 2	
40
10369.0

12 16	13 14	4 15	5 6	7 11	8 9	1 10	3 2	
41
10369.0

12 16	13 14	4 15	5 6	7 11	8 9	1 10	3 2	
42
10369.0

12 16	13 14	4 15	5 6	7 11	8 9	1 10	3 2	
43
10369.0

12 16	13 14	4 15	5 6	7 11	8 9	1 10	3 2	
44
10369.0

12 16	13 14	4 15	5 6	7 11	8 9	1 10	3 2	
45
10369.0

12 16	13 14	4 15	5 6	7 11	8 9	1 10	3 2	
46
10369.0

12 16	13 14	4 15	5 6	7 11	8 9	1 10	3 2	
47
10369.0

12 16	13 14	4 15	5 6	7 11	8 9	1 10	3 2	
48
10369.0

12 16	13 14	4 15	5 6	7 11	8 9	1 10	3 2	
49
10369.0

12 16	13 14	4 15	5 6	7 11	8 9	1 10	3 2	
50
10369.0

12 16	13 14	4 15	5 6	7 11	8 9	1 10	3 2	
51
10369.0

12 16	13 14	4 15	5 6	7 11	8 9	1 10	3 2	
52
10369.0

12 16	13 14	4 15	5 6	7 11	8 9	1 10	3 2	
53
10369.0

12 16	13 14	4 15	5 6	7 11	8 9	1 10	3 2	
54
10369.0

12 16	13 14	4 15	5 6	7 11	8 9	1 10	3 2	
55
10369.0

12 16	13 14	4 15	5 6	7 11	8 9	1 10	3 2	
56
10369.0

12 16	13 14	4 15	5 6	7 11	8 9	1 10	3 2	
57
10369.0

12 16	13 14	4 15	5 6	7 11	8 9	1 10	3 2	
58
10369.0

12 16	13 14	4 15	5 6	7 11	8 9	1 10	3 2	
59
10369.0

12 16	13 14	4 15	5 6	7 11	8 9	1 10	3 2	
60
10369.0

12 16	13 14	4 15	5 6	7 11	8 9	1 10	3 2	
61
10369.0

12 16	13 14	4 15	5 6	7 11	8 9	1 10	3 2	
62
10369.0

12 16	13 14	4 15	5 6	7 11	8 9	1 10	3 2	
63
10369.0

12 16	13 14	4 15	5 6	7 11	8 9	1 10	3 2	
64
10369.0

12 16	13 14	4 15	5 6	7 11	8 9	1 10	3 2	
65
10369.0

12 16	13 14	4 15	5 6	7 11	8 9	1 10	3 2	
66
10369.0

12 16	13 14	4 15	5 6	7 11	8 9	1 10	3 2	
67
10369.0

12 16	13 14	4 15	5 6	7 11	8 9	1 10	3 2	
68
10369.0

12 16	13 14	4 15	5 6	7 11	8 9	1 10	3 2	
69
10369.0

12 16	13 14	4 15	5 6	7 11	8 9	1 10	3 2	
70
10369.0

12 16	13 14	4 15	5 6	7 11	8 9	1 10	3 2	
71
10369.0

12 16	13 14	4 15	5 6	7 11	8 9	1 10	3 2	
72
10369.0

12 16	13 14	4 15	5 6	7 11	8 9	1 10	3 2	
73
10369.0

12 16	13 14	4 15	5 6	7 11	8 9	1 10	3 2	
74
10369.0

12 16	13 14	4 15	5 6	7 11	8 9	1 10	3 2	
75
10369.0

12 16	13 14	4 15	5 6	7 11	8 9	1 10	3 2	
76
10369.0

12 16	13 14	4 15	5 6	7 11	8 9	1 10	3 2	
77
10369.0

12 16	13 14	4 15	5 6	7 11	8 9	1 10	3 2	
78
10369.0

12 16	13 14	4 15	5 6	7 11	8 9	1 10	3 2	
79
10369.0

12 16	13 14	4 15	5 6	7 11	8 9	1 10	3 2	
80
10369.0

12 16	13 14	4 15	5 6	7 11	8 9	1 10	3 2	
81
10369.0

12 16	13 14	4 15	5 6	7 11	8 9	1 10	3 2	
82
10369.0

12 16	13 14	4 15	5 6	7 11	8 9	1 10	3 2	
83
10369.0

12 16	13 14	4 15	5 6	7 11	8 9	1 10	3 2	
84
10369.0

12 16	13 14	4 15	5 6	7 11	8 9	1 10	3 2	
85
10369.0

12 16	13 14	4 15	5 6	7 11	8 9	1 10	3 2	
86
10369.0

12 16	13 14	4 15	5 6	7 11	8 9	1 10	3 2	
87
10369.0

12 16	13 14	4 15	5 6	7 11	8 9	1 10	3 2	
88
10369.0

12 16	13 14	4 15	5 6	7 11	8 9	1 10	3 2	
89
10369.0

12 16	13 14	4 15	5 6	7 11	8 9	1 10	3 2	
90
10369.0

12 16	13 14	4 15	5 6	7 11	8 9	1 10	3 2	
91
10369.0

12 16	13 14	4 15	5 6	7 11	8 9	1 10	3 2	
92
10369.0

12 16	13 14	4 15	5 6	7 11	8 9	1 10	3 2	
93
10369.0

12 16	13 14	4 15	5 6	7 11	8 9	1 10	3 2	
94
10369.0

12 16	13 14	4 15	5 6	7 11	8 9	1 10	3 2	
95
10369.0

12 16	13 14	4 15	5 6	7 11	8 9	1 10	3 2	
96
10369.0

12 16	13 14	4 15	5 6	7 11	8 9	1 10	3 2	
97
10369.0

12 16	13 14	4 15	5 6	7 11	8 9	1 10	3 2	
98
10369.0

12 16	13 14	4 15	5 6	7 11	8 9	1 10	3 2	
99
10369.0


Distributive	Graph1.txt	no. of cores= 16	no. of cuts 100
12 16	13 14	4 15	5 6	7 11	8 9	1 10	3 2	
0
10369.0

12 16	13 14	4 15	5 6	7 11	8 9	1 10	3 2	
1
10369.0

12 16	13 14	4 15	5 6	7 11	8 9	1 10	3 2	
2
10369.0

12 16	13 14	4 15	5 6	7 11	8 9	1 10	3 2	
3
10369.0

12 16	13 14	4 15	5 6	7 11	8 9	1 10	3 2	
4
10369.0

12 16	13 14	4 15	5 6	7 11	8 9	1 10	3 2	
5
10369.0

12 16	13 14	4 15	5 6	7 11	8 9	1 10	3 2	
6
10369.0

12 16	13 14	4 15	5 6	7 11	8 9	1 10	3 2	
7
10369.0

12 16	13 14	4 15	5 6	7 11	8 9	1 10	3 2	
8
10369.0

12 16	13 14	4 15	5 6	7 11	8 9	1 10	3 2	
9
10369.0

12 16	13 14	4 15	5 6	7 11	8 9	1 10	3 2	
10
10369.0

12 16	13 14	4 15	5 6	7 11	8 9	1 10	3 2	
11
10369.0

12 16	13 14	4 15	5 6	7 11	8 9	1 10	3 2	
12
10369.0

12 16	13 14	4 15	5 6	7 11	8 9	1 10	3 2	
13
10369.0

12 16	13 14	4 15	5 6	7 11	8 9	1 10	3 2	
14
10369.0

12 16	13 14	4 15	5 6	7 11	8 9	1 10	3 2	
15
10369.0

12 16	13 14	4 15	5 6	7 11	8 9	1 10	3 2	
16
10369.0

12 16	13 14	4 15	5 6	7 11	8 9	1 10	3 2	
17
10369.0

12 16	13 14	4 15	5 6	7 11	8 9	1 10	3 2	
18
10369.0

12 16	13 14	4 15	5 6	7 11	8 9	1 10	3 2	
19
10369.0

12 16	13 14	4 15	5 6	7 11	8 9	1 10	3 2	
20
10369.0

12 16	13 14	4 15	5 6	7 11	8 9	1 10	3 2	
21
10369.0

12 16	13 14	4 15	5 6	7 11	8 9	1 10	3 2	
22
10369.0

12 16	13 14	4 15	5 6	7 11	8 9	1 10	3 2	
23
10369.0

12 16	13 14	4 15	5 6	7 11	8 9	1 10	3 2	
24
10369.0

12 16	13 14	4 15	5 6	7 11	8 9	1 10	3 2	
25
10369.0

12 16	13 14	4 15	5 6	7 11	8 9	1 10	3 2	
26
10369.0

12 16	13 14	4 15	5 6	7 11	8 9	1 10	3 2	
27
10369.0

12 16	13 14	4 15	5 6	7 11	8 9	1 10	3 2	
28
10369.0

12 16	13 14	4 15	5 6	7 11	8 9	1 10	3 2	
29
10369.0

12 16	13 14	4 15	5 6	7 11	8 9	1 10	3 2	
30
10369.0

12 16	13 14	4 15	5 6	7 11	8 9	1 10	3 2	
31
10369.0

12 16	13 14	4 15	5 6	7 11	8 9	1 10	3 2	
32
10369.0

12 16	13 14	4 15	5 6	7 11	8 9	1 10	3 2	
33
10369.0

12 16	13 14	4 15	5 6	7 11	8 9	1 10	3 2	
34
10369.0

12 16	13 14	4 15	5 6	7 11	8 9	1 10	3 2	
35
10369.0

12 16	13 14	4 15	5 6	7 11	8 9	1 10	3 2	
36
10369.0

12 16	13 14	4 15	5 6	7 11	8 9	1 10	3 2	
37
10369.0

12 16	13 14	4 15	5 6	7 11	8 9	1 10	3 2	
38
10369.0

12 16	13 14	4 15	5 6	7 11	8 9	1 10	3 2	
39
10369.0

12 16	13 14	4 15	5 6	7 11	8 9	1 10	3 2	
40
10369.0

12 16	13 14	4 15	5 6	7 11	8 9	1 10	3 2	
41
10369.0

12 16	13 14	4 15	5 6	7 11	8 9	1 10	3 2	
42
10369.0

12 16	13 14	4 15	5 6	7 11	8 9	1 10	3 2	
43
10369.0

12 16	13 14	4 15	5 6	7 11	8 9	1 10	3 2	
44
10369.0

12 16	13 14	4 15	5 6	7 11	8 9	1 10	3 2	
45
10369.0

12 16	13 14	4 15	5 6	7 11	8 9	1 10	3 2	
46
10369.0

12 16	13 14	4 15	5 6	7 11	8 9	1 10	3 2	
47
10369.0

12 16	13 14	4 15	5 6	7 11	8 9	1 10	3 2	
48
10369.0

12 16	13 14	4 15	5 6	7 11	8 9	1 10	3 2	
49
10369.0

12 16	13 14	4 15	5 6	7 11	8 9	1 10	3 2	
50
10369.0

12 16	13 14	4 15	5 6	7 11	8 9	1 10	3 2	
51
10369.0

12 16	13 14	4 15	5 6	7 11	8 9	1 10	3 2	
52
10369.0

12 16	13 14	4 15	5 6	7 11	8 9	1 10	3 2	
53
10369.0

12 16	13 14	4 15	5 6	7 11	8 9	1 10	3 2	
54
10369.0

12 16	13 14	4 15	5 6	7 11	8 9	1 10	3 2	
55
10369.0

12 16	13 14	4 15	5 6	7 11	8 9	1 10	3 2	
56
10369.0

12 16	13 14	4 15	5 6	7 11	8 9	1 10	3 2	
57
10369.0

12 16	13 14	4 15	5 6	7 11	8 9	1 10	3 2	
58
10369.0

12 16	13 14	4 15	5 6	7 11	8 9	1 10	3 2	
59
10369.0

12 16	13 14	4 15	5 6	7 11	8 9	1 10	3 2	
60
10369.0

12 16	13 14	4 15	5 6	7 11	8 9	1 10	3 2	
61
10369.0

12 16	13 14	4 15	5 6	7 11	8 9	1 10	3 2	
62
10369.0

12 16	13 14	4 15	5 6	7 11	8 9	1 10	3 2	
63
10369.0

12 16	13 14	4 15	5 6	7 11	8 9	1 10	3 2	
64
10369.0

12 16	13 14	4 15	5 6	7 11	8 9	1 10	3 2	
65
10369.0

12 16	13 14	4 15	5 6	7 11	8 9	1 10	3 2	
66
10369.0

12 16	13 14	4 15	5 6	7 11	8 9	1 10	3 2	
67
10369.0

12 16	13 14	4 15	5 6	7 11	8 9	1 10	3 2	
68
10369.0

12 16	13 14	4 15	5 6	7 11	8 9	1 10	3 2	
69
10369.0

12 16	13 14	4 15	5 6	7 11	8 9	1 10	3 2	
70
10369.0

12 16	13 14	4 15	5 6	7 11	8 9	1 10	3 2	
71
10369.0

12 16	13 14	4 15	5 6	7 11	8 9	1 10	3 2	
72
10369.0

12 16	13 14	4 15	5 6	7 11	8 9	1 10	3 2	
73
10369.0

12 16	13 14	4 15	5 6	7 11	8 9	1 10	3 2	
74
10369.0

12 16	13 14	4 15	5 6	7 11	8 9	1 10	3 2	
75
10369.0

12 16	13 14	4 15	5 6	7 11	8 9	1 10	3 2	
76
10369.0

12 16	13 14	4 15	5 6	7 11	8 9	1 10	3 2	
77
10369.0

12 16	13 14	4 15	5 6	7 11	8 9	1 10	3 2	
78
10369.0

12 16	13 14	4 15	5 6	7 11	8 9	1 10	3 2	
79
10369.0

12 16	13 14	4 15	5 6	7 11	8 9	1 10	3 2	
80
10369.0

12 16	13 14	4 15	5 6	7 11	8 9	1 10	3 2	
81
10369.0

12 16	13 14	4 15	5 6	7 11	8 9	1 10	3 2	
82
10369.0

12 16	13 14	4 15	5 6	7 11	8 9	1 10	3 2	
83
10369.0

12 16	13 14	4 15	5 6	7 11	8 9	1 10	3 2	
84
10369.0

12 16	13 14	4 15	5 6	7 11	8 9	1 10	3 2	
85
10369.0

12 16	13 14	4 15	5 6	7 11	8 9	1 10	3 2	
86
10369.0

12 16	13 14	4 15	5 6	7 11	8 9	1 10	3 2	
87
10369.0

12 16	13 14	4 15	5 6	7 11	8 9	1 10	3 2	
88
10369.0

12 16	13 14	4 15	5 6	7 11	8 9	1 10	3 2	
89
10369.0

12 16	13 14	4 15	5 6	7 11	8 9	1 10	3 2	
90
10369.0

12 16	13 14	4 15	5 6	7 11	8 9	1 10	3 2	
91
10369.0

12 16	13 14	4 15	5 6	7 11	8 9	1 10	3 2	
92
10369.0

12 16	13 14	4 15	5 6	7 11	8 9	1 10	3 2	
93
10369.0

12 16	13 14	4 15	5 6	7 11	8 9	1 10	3 2	
94
10369.0

12 16	13 14	4 15	5 6	7 11	8 9	1 10	3 2	
95
10369.0

12 16	13 14	4 15	5 6	7 11	8 9	1 10	3 2	
96
10369.0

12 16	13 14	4 15	5 6	7 11	8 9	1 10	3 2	
97
10369.0

12 16	13 14	4 15	5 6	7 11	8 9	1 10	3 2	
98
10369.0

12 16	13 14	4 15	5 6	7 11	8 9	1 10	3 2	
99
10369.0



***** best cost=10369.0
best =0